#  Parameters: 
#  beta0=-6.000000e+00 
#  sp=1.000000e+36 
#  sM=1.000000e+04 
#  psur=1.000000e+30 
#  rhocen=1.000000e+02 
#  mtb=1.660000e-27 
#  nt0=1.000000e+44 
#  Gamma=2.340000e+00 
#  kns=1.950000e-02 
#  Columns: 
#  mA/solar_mass, alpha0, alphaA_true, alphaA_check, betaA, kA.
0, 0, 1e-20, 1e-20, 0, 0 
1.667332771101248889e+00, -1.016427891647814459e-05, -3.628280024600517850e-02, 4.529536322081908111e+02, -6.633756430349784239e-01, 1.297950930795779527e+02
1.673123285892326173e+00, -1.016500632022625874e-05, -3.657346964504935155e-02, 4.056652015775399036e+02, -5.949865785641536009e-01, 1.178821897978601356e+02
1.678913800683403901e+00, -1.016573372397437458e-05, -3.686413904409351766e-02, 3.587028840316579021e+02, -5.265975140933281118e-01, 1.060262347624243660e+02
1.684704315474481628e+00, -1.016646112772249042e-05, -3.715480844313769071e-02, 3.120633177248207630e+02, -4.582084496225019565e-01, 9.422682116698778998e+01
1.690493285920201760e+00, -1.016754385507564513e-05, -3.709460582082796387e-02, 2.652023985867191413e+02, -3.898193851516764674e-01, 8.234587654419780733e+01
1.696280776191796402e+00, -1.016896714149094844e-05, -3.669811074613595070e-02, 2.181447870662987043e+02, -3.214303206808509783e-01, 7.038968849981591802e+01
1.702068266463391044e+00, -1.017039042790625343e-05, -3.630161567144393753e-02, 1.714072815029548451e+02, -2.530412562100247675e-01, 5.849011456902015027e+01
1.707855756734985464e+00, -1.017181371432155673e-05, -3.590512059675192436e-02, 1.249866267155300079e+02, -1.846521917391992784e-01, 4.664675366352885533e+01
1.713643247006579662e+00, -1.017323700073686173e-05, -3.550862552205992506e-02, 7.887961152100456275e+01, -1.162631272683758432e-01, 3.485920856991499761e+01
1.719430737278174304e+00, -1.017466028715216842e-05, -3.511213044736791189e-02, 3.308306797509686703e+01, -4.787406279755034716e-02, 2.312708573624627206e+01
1.725218227549768724e+00, -1.017608357356747172e-05, -3.471563537267589872e-02, -1.240612934009163837e+01, 2.051500167327445501e-02, 1.144999474978094156e+01
1.731005717821363366e+00, -1.017750685998277672e-05, -3.431914029798388555e-02, -5.759106404589442718e+01, 8.890406614410133190e-02, -1.724502001167280696e-01
1.736793208092958007e+00, -1.017893014639808171e-05, -3.392264522329187237e-02, -1.024747786218624697e+02, 1.572931306149261410e-01, -1.174063236187740245e+01
1.742580698364552649e+00, -1.018035343281338502e-05, -3.352615014859986614e-02, -1.470602751496221856e+02, 2.256821950857523240e-01, -2.325493036920696710e+01
1.748368555209265374e+00, -1.018197660671411753e-05, -3.321305869590000792e-02, -1.807446450691826385e+02, 2.774700064373357145e-01, -3.192690815643973679e+01
1.754157109178611673e+00, -1.018397991348034784e-05, -3.305857876283808949e-02, -1.941036813238357013e+02, 2.976866471102147527e-01, -3.526739696134833224e+01
1.759945663147957529e+00, -1.018598322024657815e-05, -3.290409882977617106e-02, -2.073748033453296387e+02, 3.179032877830924031e-01, -3.859243602445005195e+01
1.765734217099125480e+00, -1.018802098974027326e-05, -3.274962936507597178e-02, -2.205593968769304638e+02, 3.381178447584227142e-01, -4.189425887174478191e+01
1.771522770935379354e+00, -1.019027662312420815e-05, -3.259522607848105297e-02, -2.336610727236836453e+02, 3.583192291706133181e-01, -4.513122492120930929e+01
1.777311324771632783e+00, -1.019253225650814305e-05, -3.244082279188614110e-02, -2.466773707991207516e+02, 3.785206135828039220e-01, -4.835332283509769979e+01
1.783099878529638360e+00, -1.019493227123914055e-05, -3.228646313046424493e-02, -2.596113427409387100e+02, 3.987133145287082847e-01, -5.152699846306828135e+01
1.788888432210544055e+00, -1.019747454812694375e-05, -3.213214645389692037e-02, -2.724637555934211832e+02, 4.188974594618881109e-01, -5.465307658312934791e+01
1.794676985836799687e+00, -1.020011499271421409e-05, -3.197785927234245845e-02, -2.852347661166522812e+02, 4.390757334968675707e-01, -5.774149534214006962e+01
1.800465539337862353e+00, -1.020298031875223762e-05, -3.182363965762842473e-02, -2.979271416612280063e+02, 4.592405585449373939e-01, -6.076237722391067564e+01
1.806254092748307505e+00, -1.020600415007391909e-05, -3.166946738267281680e-02, -3.105406702857941923e+02, 4.793959607490888564e-01, -6.373091943363553469e+01
1.812043460896859193e+00, -1.020993684551155454e-05, -3.170086285088676709e-02, -3.130700589318772700e+02, 4.842944367951287910e-01, -6.403376132612510219e+01
1.817832595329870848e+00, -1.021515005690279919e-05, -3.168472238345430847e-02, -2.827464991250686239e+02, 4.365417199850386010e-01, -6.826410666917279002e+01
1.823621722984859250e+00, -1.022066037825429145e-05, -3.166815764814460976e-02, -2.528004989583117208e+02, 3.888857427085490870e-01, -7.496482832537842000e+01
1.829410850480880146e+00, -1.022647208217499743e-05, -3.165168446048595430e-02, -2.230440401617808561e+02, 3.412297654320609608e-01, -8.163459630795622957e+01
1.835199977775714641e+00, -1.023265501078135523e-05, -3.163532343926341028e-02, -1.934753429784095715e+02, 2.935737881555680051e-01, -8.827341118592616453e+01
1.840989104895939921e+00, -1.023915694025674439e-05, -3.161905860647479249e-02, -1.640926279205701803e+02, 2.459178108790792128e-01, -9.488161141567867674e+01
1.846778231721579733e+00, -1.024618802948563441e-05, -3.160295276257788638e-02, -1.348941847763672683e+02, 1.982618336025873118e-01, -1.014588138185214916e+02
1.852567358159640687e+00, -1.025389705496625865e-05, -3.158704939356161978e-02, -1.058783160793392426e+02, 1.506058563260981586e-01, -1.080047698174438580e+02
1.858356413886798508e+00, -1.026264580354157511e-05, -3.156600970440583132e-02, -7.706571732793193519e+01, 1.029498790496062438e-01, -1.148261080595911920e+02
1.864145458963200941e+00, -1.027154437799412295e-05, -3.154419403596747662e-02, -4.843542235773176685e+01, 5.529390177311708371e-02, -1.216629474680442655e+02
1.869934504039604040e+00, -1.028044295244667417e-05, -3.152237836752912192e-02, -1.998236652293192606e+01, 7.637924496624823659e-03, -1.284694839449053916e+02
1.875724334500322055e+00, -1.028976978660531984e-05, -3.167925527989484680e-02, -1.338058534396797228e+01, -4.449804140282136514e-03, -1.410634431069535424e+02
1.881514443185436480e+00, -1.029941718934751857e-05, -3.189950603000783758e-02, -1.447446163723740753e+01, -3.923151093873582240e-03, -1.556965457006314466e+02
1.887304551693110177e+00, -1.030939372495475651e-05, -3.211985633073168034e-02, -1.555675890554804042e+01, -3.376682782260941127e-03, -1.703402420783840512e+02
1.893094659908783672e+00, -1.031989210862668731e-05, -3.234036324230679660e-02, -1.662445073179696919e+01, -2.799041527299557693e-03, -1.850427836667993802e+02
1.898884731319985475e+00, -1.033111047873060844e-05, -3.255825808769804985e-02, -1.668226160619937559e+01, -2.741324597528376882e-03, -1.861141970834850667e+02
1.904674798751238018e+00, -1.034238483541770711e-05, -3.277586296696693990e-02, -1.663154879409178832e+01, -2.741324597528376882e-03, -1.857071024095021130e+02
1.910464866182490784e+00, -1.035365919210480578e-05, -3.299346784623584383e-02, -1.658114337225759272e+01, -2.741324597528376882e-03, -1.853017844108345855e+02
1.916254933613743106e+00, -1.036493354879190275e-05, -3.321107272550473388e-02, -1.653104255368215547e+01, -2.741324597528376882e-03, -1.848982319947946280e+02
1.922045001044995649e+00, -1.037620790547900311e-05, -3.342867760477363781e-02, -1.648124358714050430e+01, -2.741324597529067302e-03, -1.844964333498553515e+02
1.927835068476248415e+00, -1.038748226216610178e-05, -3.364628248404252786e-02, -1.643174375660580466e+01, -2.741324597528376882e-03, -1.840963773791227140e+02
1.933625135907500736e+00, -1.039875661885320045e-05, -3.386388736331141791e-02, -1.638254037344982450e+01, -2.741324597528376882e-03, -1.836980524507794996e+02
1.401009165493745101e+00, -1.038980236867265104e-05, -3.211828038765729421e-02, 1.476292332212414522e+03, -1.880584965416743248e+00, 3.699549586487103170e+02
1.406801192544564039e+00, -1.039018183108717146e-05, -3.275253202356954302e-02, 1.470214196870992964e+03, -1.880584965416743026e+00, 3.689589689178906156e+02
1.412593219595382976e+00, -1.039056129350169357e-05, -3.338678365948180571e-02, 1.464185905650459972e+03, -1.880584965416743692e+00, 3.679683274884460502e+02
1.418385246646201914e+00, -1.039094075591621398e-05, -3.402103529539406146e-02, 1.458206847934706275e+03, -1.880584965416743692e+00, 3.669829917150249230e+02
1.424177273697020629e+00, -1.039132021833073440e-05, -3.465528693130632415e-02, 1.452276423033474202e+03, -1.880584965416743248e+00, 3.660029186051859824e+02
1.429969300747839789e+00, -1.039169968074525481e-05, -3.528953856721857990e-02, 1.446394039997045184e+03, -1.880584965416743026e+00, 3.650280665877259025e+02
1.435761327798658504e+00, -1.039207914315977692e-05, -3.592379020313081484e-02, 1.440559117396721831e+03, -1.880584965416743026e+00, 3.640583935605320107e+02
1.441553224797547994e+00, -1.039248852797492774e-05, -3.652849431379023154e-02, 1.430312213532938813e+03, -1.874703614774491767e+00, 3.620155729591486988e+02
1.447343739588625500e+00, -1.039321593172304358e-05, -3.681916371283439765e-02, 1.372947424917712397e+03, -1.806314550303665944e+00, 3.485536824998522434e+02
1.453134254379703005e+00, -1.039394333547115773e-05, -3.710983311187857764e-02, 1.316039697780944834e+03, -1.737925485832841233e+00, 3.351627613774282963e+02
1.458924769170780511e+00, -1.039467073921927187e-05, -3.740050251092273681e-02, 1.259583591258596698e+03, -1.669536421362014522e+00, 3.218422496750470714e+02
1.464715283961857795e+00, -1.039539814296738771e-05, -3.769117190996690292e-02, 1.203573750487599682e+03, -1.601147356891189810e+00, 3.085915937933577879e+02
1.470505798752935300e+00, -1.039612554671550355e-05, -3.798184130901107597e-02, 1.148004904944568807e+03, -1.532758292420363988e+00, 2.954102454092204084e+02
1.476296313544012806e+00, -1.039685295046361940e-05, -3.827251070805523514e-02, 1.092871866766076437e+03, -1.464369227949538166e+00, 2.822976623537041405e+02
1.482086828335090312e+00, -1.039758035421173524e-05, -3.856318010709941513e-02, 1.038169529139577662e+03, -1.395980163478712566e+00, 2.692533078973585816e+02
1.487877343126167595e+00, -1.039830775795984938e-05, -3.885384950614358124e-02, 9.838928647468821964e+02, -1.327591099007887188e+00, 2.562766507748740423e+02
1.493667857917245101e+00, -1.039903516170796692e-05, -3.914451890518774735e-02, 9.300369241936800790e+02, -1.259202034537062920e+00, 2.433671653236905001e+02
1.499458372708322607e+00, -1.039976256545608106e-05, -3.943518830423189958e-02, 8.765968345213249222e+02, -1.190812970066237542e+00, 2.305243317006983261e+02
1.505248887499400112e+00, -1.040048996920419521e-05, -3.972585770327607957e-02, 8.235677977437334221e+02, -1.122423905595412608e+00, 2.177476344363397516e+02
1.511039402290477618e+00, -1.040121737295231105e-05, -4.001652710232024568e-02, 7.709450893979135344e+02, -1.054034841124587230e+00, 2.050365645870160165e+02
1.516829917081555124e+00, -1.040194477670042689e-05, -4.030719650136441179e-02, 7.187240571407663765e+02, -9.856457766537617404e-01, 1.923906175826803064e+02
1.522620431872632629e+00, -1.040267218044854104e-05, -4.059786590040857790e-02, 6.669001193893262780e+02, -9.172567121829362513e-01, 1.798092939538970541e+02
1.528410946663710135e+00, -1.040339958419665857e-05, -4.088853529945275095e-02, 6.154687639771640306e+02, -8.488676477121093189e-01, 1.672921000424606461e+02
1.534201461454787641e+00, -1.040412698794477272e-05, -4.117920469849691706e-02, 5.644255468327344261e+02, -7.804785832412838298e-01, 1.548385463963379038e+02
1.539991976245865146e+00, -1.040485439169288856e-05, -4.146987409754108317e-02, 5.137660907159856833e+02, -7.120895187704583407e-01, 1.424481491867958027e+02
1.545782491036942652e+00, -1.040558179544100440e-05, -4.176054349658524234e-02, 4.634860839560341788e+02, -6.437004542996349610e-01, 1.301204289915338279e+02
1.551573005828019713e+00, -1.040630919918911855e-05, -4.205121289562940845e-02, 4.135812792352648444e+02, -5.753113898288094719e-01, 1.178549116439119757e+02
1.557363520619097663e+00, -1.040703660293723439e-05, -4.234188229467357456e-02, 3.640474923827386533e+02, -5.069223253579839827e-01, 1.056511273837227947e+02
1.563154035410174947e+00, -1.040776400668535023e-05, -4.263255169371775455e-02, 3.148806012179091454e+02, -4.385332608871584381e-01, 9.350861136755003145e+01
1.568942135716902664e+00, -1.040904693597020795e-05, -4.237465531996402468e-02, 2.651863904774322691e+02, -3.701441964163329490e-01, 8.120553008404141337e+01
1.574729625988497528e+00, -1.041047022238551294e-05, -4.197816024527202539e-02, 2.156334806672337550e+02, -3.017551319455074599e-01, 6.890811522565169867e+01
1.580517116260091948e+00, -1.041189350880081794e-05, -4.158166517058001221e-02, 1.664435747111524506e+02, -2.333660674746812491e-01, 5.667197743481401062e+01
1.586304606531686812e+00, -1.041331679521612293e-05, -4.118517009588799904e-02, 1.176126983359743008e+02, -1.649770030038557600e-01, 4.449665953703629384e+01
1.592092096803281009e+00, -1.041474008163142793e-05, -4.078867502119598587e-02, 6.913693508658536757e+01, -9.658793853303027088e-02, 3.238170920587948842e+01
1.597879587074875651e+00, -1.041616336804673123e-05, -4.039217994650397270e-02, 2.101242525444831699e+01, -2.819887406220476789e-02, 2.032667895473733211e+01
1.603667077346469849e+00, -1.041758665446203623e-05, -3.999568487181197340e-02, -2.676463512025674163e+01, 4.019019040861865344e-02, 8.331124740258999850e+00
1.609454567618064491e+00, -1.041900994087734122e-05, -3.959918979711996023e-02, -7.419799529477137412e+01, 1.085792548794441564e-01, -3.605392110164359565e+00
1.615242057889659133e+00, -1.042043322729264453e-05, -3.920269472242794706e-02, -1.212913507452617239e+02, 1.769683193502703256e-01, -1.548330647879686239e+01
1.621029548161253775e+00, -1.042185651370795122e-05, -3.880619964773593389e-02, -1.680483441779543057e+02, 2.453573838210951485e-01, -2.730304859188958488e+01
1.626817038432848195e+00, -1.042327980012325452e-05, -3.840970457304392766e-02, -2.144725664483839580e+02, 3.137464482919213316e-01, -3.906504541214791004e+01
1.632604528704442615e+00, -1.042470308653855952e-05, -3.801320949835191448e-02, -2.605675574675406097e+02, 3.821355127627468207e-01, -5.076971835593555227e+01
1.638392018976037257e+00, -1.042612637295386451e-05, -3.761671442365990131e-02, -3.063368071302386966e+02, 4.505245772335723098e-01, -6.241748594782021797e+01
1.644179509247631676e+00, -1.042754965936916781e-05, -3.722021934896788814e-02, -3.517837561696051694e+02, 5.189136417043977989e-01, -7.400876204402636915e+01
1.649966999519226540e+00, -1.042897294578447281e-05, -3.682372427427587497e-02, -3.969117970390375376e+02, 5.873027061752232880e-01, -8.554395654305415064e+01
1.655754489790820738e+00, -1.043039623219977611e-05, -3.642722919958387567e-02, -4.417242747427120548e+02, 6.556917706460474449e-01, -9.702347556949916907e+01
1.661541980062415380e+00, -1.043181951861508111e-05, -3.603073412489186944e-02, -4.862244876631071406e+02, 7.240808351168722679e-01, -1.084477211146329978e+02
1.667329470334010022e+00, -1.043324280503038441e-05, -3.563423905019984933e-02, -5.304156883871505670e+02, 7.924698995876984231e-01, -1.198170915632022115e+02
1.673116960605604220e+00, -1.043466609144569110e-05, -3.523774397550784310e-02, -5.743010844691166312e+02, 8.608589640585242453e-01, -1.311319813586692931e+02
1.678904450877199084e+00, -1.043608937786099440e-05, -3.484124890081582993e-02, -6.178838392410441429e+02, 9.292480285293494013e-01, -1.423927808111726847e+02
1.684692098316313613e+00, -1.043759836565139515e-05, -3.448051296871001981e-02, -6.565558355955057550e+02, 9.905193376411043360e-01, -1.524008823006946898e+02
1.690479880112981004e+00, -1.043977933422014320e-05, -3.415059702497115490e-02, -6.453518827756251994e+02, 9.758159406715927187e-01, -1.495802871907862368e+02
1.696266921822585427e+00, -1.044213058231996725e-05, -3.365253485504113989e-02, -6.121551179630239403e+02, 9.276435168736459902e-01, -1.411490428079779349e+02
1.702053963532189851e+00, -1.044448183041979129e-05, -3.315447268511113182e-02, -5.791841343999046785e+02, 8.794710930756978184e-01, -1.327577239363609181e+02
1.707841005241794274e+00, -1.044683307851961533e-05, -3.265641051518112375e-02, -5.464366364945840360e+02, 8.312986692777503128e-01, -1.244060473612722433e+02
1.713628046835559582e+00, -1.044940394335898259e-05, -3.215841505580007559e-02, -5.139137009044711704e+02, 7.831129669352718814e-01, -1.160436697449938208e+02
1.719415088412071801e+00, -1.045200751807651122e-05, -3.166042953233706714e-02, -4.816102257559998634e+02, 7.349252868766366076e-01, -1.077131731580164171e+02
1.725202129988584021e+00, -1.045461109279404154e-05, -3.116244400887406216e-02, -4.495235078515786995e+02, 6.867376068180024440e-01, -9.942175458951579969e+01
1.730989171509193181e+00, -1.045731781786286946e-05, -3.066448965253904674e-02, -4.176529690894850546e+02, 6.385437230314173762e-01, -9.114514988981770216e+01
1.736776212930357666e+00, -1.046020803608426809e-05, -3.016659073910362907e-02, -3.859976872993738652e+02, 5.903388034937734341e-01, -8.286461294159407487e+01
1.742563254351522151e+00, -1.046309825430566672e-05, -2.966869182566820792e-02, -3.545526967591739549e+02, 5.421338839561291589e-01, -7.462264857202208646e+01
1.748351028842172639e+00, -1.046652611362338643e-05, -2.933764157883542167e-02, -3.230755172364451937e+02, 4.939207193644330474e-01, -6.632249927884261353e+01
1.754140197478996743e+00, -1.047089942169685602e-05, -2.932387001051347392e-02, -2.913492054091155410e+02, 4.456964799416781031e-01, -5.789599023038759640e+01
1.759929366115821070e+00, -1.047527272977032561e-05, -2.931009844219152616e-02, -2.598315772571265256e+02, 3.974722405189241581e-01, -4.950846115408150894e+01
1.765718534522079830e+00, -1.048005466711158963e-05, -2.929644926775625338e-02, -2.285260289267359326e+02, 3.492278063371480057e-01, -4.107727521113856994e+01
1.771507702685956698e+00, -1.048529428979188363e-05, -2.928293900745502359e-02, -1.974254763490947084e+02, 3.009820668194047588e-01, -3.267847562904557179e+01
1.777296838198211493e+00, -1.049099322806310354e-05, -2.926704985647549800e-02, -1.674355428190316957e+02, 2.532098387074038226e-01, -3.644614944345160268e+01
1.783085965537736683e+00, -1.049709369467793641e-05, -2.925066391916288783e-02, -1.378625686410753133e+02, 2.055538614309118939e-01, -4.316644687086937182e+01
1.788875092723062110e+00, -1.050347868560638578e-05, -2.923436395155940698e-02, -1.084810146028498821e+02, 1.578978841544223799e-01, -4.985524764079160320e+01
1.794664219799086968e+00, -1.051006001193376601e-05, -2.921812297398165836e-02, -7.928901417337385737e+01, 1.102419068779304651e-01, -5.651298692568749260e+01
1.800453346624726114e+00, -1.051709110116265434e-05, -2.920201713008475572e-02, -5.028478457206196595e+01, 6.258592960144165884e-02, -6.313918778539973431e+01
1.806242473269130233e+00, -1.052443920095885515e-05, -2.918600596570471856e-02, -2.146649854071351626e+01, 1.492995232494974747e-02, -6.973440212926537640e+01
1.812032175659960886e+00, -1.053250768652634340e-05, -2.930116425337932207e-02, -8.911134773078494220e+00, -6.641274072128805495e-03, -8.057131700077206915e+01
1.817822297775726570e+00, -1.054179860274171226e-05, -2.952233575289149245e-02, -1.002893766390999808e+01, -6.124827550671500809e-03, -9.525992742093421839e+01
1.823612406496271987e+00, -1.055137883287828145e-05, -2.974256609872470702e-02, -1.114238714714180034e+01, -5.602235917966102118e-03, -1.099619103090128220e+02
1.829402515137333651e+00, -1.056110975429945749e-05, -2.996284221838344322e-02, -1.224659062788883901e+01, -5.070533135821060459e-03, -1.246312854576987093e+02
1.835192623677802226e+00, -1.057102628806346284e-05, -3.018317442126025596e-02, -1.334105376222359141e+01, -4.527667149050942572e-03, -1.392771686118276193e+02
1.840982732130965971e+00, -1.058110232226198047e-05, -3.040355471835401446e-02, -1.442623359602634991e+01, -3.975228145543433129e-03, -1.538941294504248276e+02
1.846772840436837093e+00, -1.059144293633725023e-05, -3.062401450989364615e-02, -1.550057434002415668e+01, -3.406965999279345115e-03, -1.685075296626814350e+02
1.852562948548918786e+00, -1.060212251853838626e-05, -3.084457553887357678e-02, -1.656290805860510318e+01, -2.818552829213446815e-03, -1.831368551316750199e+02
1.858353021305549024e+00, -1.061332196228687008e-05, -3.106256840778376382e-02, -1.665625806693714495e+01, -2.741324597528722092e-03, -1.846903939242952788e+02
1.864143088736801568e+00, -1.062459631897396875e-05, -3.128017328705265387e-02, -1.660452338062635391e+01, -2.741324597528376882e-03, -1.842801346112723309e+02
1.869933156168054333e+00, -1.063587067566106742e-05, -3.149777816632155780e-02, -1.655310907784350860e+01, -2.741324597528376882e-03, -1.838716941272266752e+02
1.875723223599306655e+00, -1.064714503234816609e-05, -3.171538304559044785e-02, -1.650201219276421938e+01, -2.741324597528376882e-03, -1.834650600404382317e+02
1.881513291030559198e+00, -1.065841938903526475e-05, -3.193298792485933790e-02, -1.645122978840553074e+01, -2.741324597528376882e-03, -1.830602204377660200e+02
1.887303358461811964e+00, -1.066969374572236342e-05, -3.215059280412824183e-02, -1.640075898212237604e+01, -2.741324597528376882e-03, -1.826571637819286025e+02
1.893093425893064286e+00, -1.068096810240946209e-05, -3.236819768339713188e-02, -1.635059690364864693e+01, -2.741324597528376882e-03, -1.822558779882953104e+02
1.898883493324317273e+00, -1.069224245909656076e-05, -3.258580256266603581e-02, -1.630074072847167699e+01, -2.741324597528376882e-03, -1.818563515072545727e+02
1.904673560755569373e+00, -1.070351681578365942e-05, -3.280340744193492586e-02, -1.625118768230106880e+01, -2.741324597528376882e-03, -1.814585729730146682e+02
1.910463628186822360e+00, -1.071479117247075809e-05, -3.302101232120382979e-02, -1.620193499189719688e+01, -2.741324597528376882e-03, -1.810625304806546296e+02
1.916253695618074682e+00, -1.072606552915785676e-05, -3.323861720047271984e-02, -1.615297993979441671e+01, -2.741324597528376882e-03, -1.806682133708915217e+02
1.922043763049327669e+00, -1.073733988584495543e-05, -3.345622207974163070e-02, -1.610431983609297291e+01, -2.741324597528376882e-03, -1.802756097388044054e+02
1.927833830480579991e+00, -1.074861424253205579e-05, -3.367382695901051382e-02, -1.605595203138382487e+01, -2.741324597529067302e-03, -1.798847087536207141e+02
1.933623897911832534e+00, -1.075988859921915276e-05, -3.389143183827940387e-02, -1.600787388850846327e+01, -2.741324597529067302e-03, -1.794954993925279041e+02
1.938509976674045010e+00, -1.080274761805074032e-05, -3.998061106825288868e-02, 5.458310974547078143e-01, -1.913698059202004762e-03, 3.328351582240449602e+01
1.151981553893624000e+00, -1.061969168677097432e-05, -1.165458271776595445e-02, 4.226520635289678580e+02, -4.548428730117063945e-01, 1.100931985416829235e+02
1.157826752431736717e+00, -1.062303643596472215e-05, -2.437558615980195409e-02, 1.745508311973482250e+03, -1.880584965416743026e+00, 4.077269137481990811e+02
1.163618779482555876e+00, -1.062341589837924256e-05, -2.500983779571421678e-02, 1.736819868875104476e+03, -1.880584965416743026e+00, 4.064892741596355563e+02
1.169410806533374814e+00, -1.062379536079376298e-05, -2.564408943162647253e-02, 1.728217492573084655e+03, -1.880584965416743248e+00, 4.052591252189866964e+02
1.175202833584193973e+00, -1.062417482320828340e-05, -2.627834106753873522e-02, 1.719699910510053996e+03, -1.880584965416743248e+00, 4.040363992335351213e+02
1.180994860635012689e+00, -1.062455428562280551e-05, -2.691259270345099097e-02, 1.711265875104221777e+03, -1.880584965416743026e+00, 4.028210293604497565e+02
1.186786887685831626e+00, -1.062493374803732592e-05, -2.754684433936324672e-02, 1.702914163121823094e+03, -1.880584965416743026e+00, 4.016129494713463259e+02
1.192578914736650786e+00, -1.062531321045184634e-05, -2.818109597527550941e-02, 1.694643575100370526e+03, -1.880584965416743248e+00, 4.004120941161430096e+02
1.198370941787469501e+00, -1.062569267286636675e-05, -2.881534761118776516e-02, 1.686452934762207406e+03, -1.880584965416743248e+00, 3.992183987227564330e+02
1.204162968838288439e+00, -1.062607213528088717e-05, -2.944959924710000704e-02, 1.678341088454349574e+03, -1.880584965416743248e+00, 3.980317992338542012e+02
1.209954995889107376e+00, -1.062645159769540759e-05, -3.008385088301226279e-02, 1.670306904627832864e+03, -1.880584965416743248e+00, 3.968522329808372433e+02
1.215747022939926314e+00, -1.062683106010992970e-05, -3.071810251892452895e-02, 1.662349273288974018e+03, -1.880584965416743692e+00, 3.956796371275387401e+02
1.221539049990745252e+00, -1.062721052252445011e-05, -3.135235415483677429e-02, 1.654467105494940824e+03, -1.880584965416742582e+00, 3.945139503940930013e+02
1.227331077041564189e+00, -1.062758998493897053e-05, -3.198660579074903004e-02, 1.646659332861899657e+03, -1.880584965416743026e+00, 3.933551116722178449e+02
1.233123104092383349e+00, -1.062796944735349094e-05, -3.262085742666129967e-02, 1.638924907080078810e+03, -1.880584965416743026e+00, 3.922030609072292577e+02
1.238915131143202064e+00, -1.062834890976801136e-05, -3.325510906257355542e-02, 1.631262799439421997e+03, -1.880584965416743248e+00, 3.910577387267617837e+02
1.244707158194021224e+00, -1.062872837218253178e-05, -3.388936069848581811e-02, 1.623672000385402953e+03, -1.880584965416743248e+00, 3.899190862852489090e+02
1.250499185244840161e+00, -1.062910783459705389e-05, -3.452361233439806693e-02, 1.616151519057582618e+03, -1.880584965416743026e+00, 3.887870454234588919e+02
1.256291212295659099e+00, -1.062948729701157430e-05, -3.515786397031032962e-02, 1.608700382873814760e+03, -1.880584965416743692e+00, 3.876615588641742534e+02
1.262083239346477814e+00, -1.062986675942609472e-05, -3.579211560622257149e-02, 1.601317637106410075e+03, -1.880584965416743026e+00, 3.865425696612968522e+02
1.267875266397296974e+00, -1.063024622184061513e-05, -3.642636724213482724e-02, 1.594002344472846062e+03, -1.880584965416743026e+00, 3.854300219223264321e+02
1.273667293448115689e+00, -1.063062568425513724e-05, -3.706061887804708299e-02, 1.586753584735505228e+03, -1.880584965416743692e+00, 3.843238599303628007e+02
1.279459320498934627e+00, -1.063100514666965935e-05, -3.769487051395933874e-02, 1.579570454331844303e+03, -1.880584965416743692e+00, 3.832240291695908354e+02
1.285251347549754009e+00, -1.063138460908417977e-05, -3.832912214987160837e-02, 1.572452065968105217e+03, -1.880584965416743914e+00, 3.821304751322278435e+02
1.291043374600572724e+00, -1.063176407149870019e-05, -3.896337378578385718e-02, 1.565397548297550202e+03, -1.880584965416743026e+00, 3.810431447032403298e+02
1.296835401651391884e+00, -1.063214353391322060e-05, -3.959762542169611987e-02, 1.558406045520361658e+03, -1.880584965416743692e+00, 3.799619842407958004e+02
1.302627428702210821e+00, -1.063252299632774102e-05, -4.023187705760837563e-02, 1.551476717059892508e+03, -1.880584965416743692e+00, 3.788869418429942471e+02
1.308419455753029759e+00, -1.063290245874226143e-05, -4.086612869352063832e-02, 1.544608737237590049e+03, -1.880584965416743026e+00, 3.778179655999040278e+02
1.314211482803848696e+00, -1.063328192115678185e-05, -4.150038032943289407e-02, 1.537801294914763275e+03, -1.880584965416743026e+00, 3.767550044836074790e+02
1.320002944733241534e+00, -1.063379140693778755e-05, -4.200623756437030232e-02, 1.510378117480747278e+03, -1.855028426039146972e+00, 3.708498219806095904e+02
1.325793459524319040e+00, -1.063451881068590339e-05, -4.229690696341446149e-02, 1.448693832444181680e+03, -1.786639361568322704e+00, 3.568749098678607652e+02
1.331583974315396324e+00, -1.063524621443401585e-05, -4.258757636245863454e-02, 1.387545888657270552e+03, -1.718250297097497326e+00, 3.429779889314750676e+02
1.337374489106474051e+00, -1.063597361818213169e-05, -4.287824576150280065e-02, 1.326927321203922929e+03, -1.649861232626671725e+00, 3.291584082991794276e+02
1.343165003897551557e+00, -1.063670102193024753e-05, -4.316891516054695982e-02, 1.266831285265404404e+03, -1.581472168155846347e+00, 3.154155243252938021e+02
1.348955518688629063e+00, -1.063742842567836337e-05, -4.345958455959113981e-02, 1.207251053500268881e+03, -1.513083103685020747e+00, 3.017486998722683325e+02
1.354746033479706568e+00, -1.063815582942647752e-05, -4.375025395863530592e-02, 1.148180013573362885e+03, -1.444694039214195369e+00, 2.881573053723136013e+02
1.360536548270784074e+00, -1.063888323317459336e-05, -4.404092335767947897e-02, 1.089611665675529821e+03, -1.376304974743369103e+00, 2.746407182885533302e+02
1.366327063061861580e+00, -1.063961063692270920e-05, -4.433159275672364508e-02, 1.031539620168103056e+03, -1.307915910272543503e+00, 2.611983226203537924e+02
1.372117577852938863e+00, -1.064033804067082334e-05, -4.462226215576781119e-02, 9.739575952420507292e+02, -1.239526845801718125e+00, 2.478295090548269570e+02
1.377908092644016591e+00, -1.064106544441893918e-05, -4.491293155481197730e-02, 9.168594146456439375e+02, -1.171137781330891858e+00, 2.345336749788790485e+02
1.383698607435093653e+00, -1.064179284816705502e-05, -4.520360095385612953e-02, 8.602390055023919331e+02, -1.102748716860069145e+00, 2.213102248304097657e+02
1.389489122226171380e+00, -1.064252025191517087e-05, -4.549427035290030258e-02, 8.040903961340060278e+02, -1.034359652389242212e+00, 2.081585688731301786e+02
1.395279637017248664e+00, -1.064324765566328671e-05, -4.578493975194447563e-02, 7.484077139773796716e+02, -9.659705879184181665e-01, 1.950781240705456412e+02
1.401070151808326392e+00, -1.064397505941140085e-05, -4.607560915098864174e-02, 6.931851835111785931e+02, -8.975815234475920112e-01, 1.820683132280372547e+02
1.406860666599404119e+00, -1.064470246315951669e-05, -4.636627855003280785e-02, 6.384171243038125567e+02, -8.291924589767665221e-01, 1.691285665491629118e+02
1.412651181390481625e+00, -1.064542986690763253e-05, -4.665694794907698090e-02, 5.840979490173083377e+02, -7.608033945059403669e-01, 1.562583188421263571e+02
1.418441696181559131e+00, -1.064615727065574668e-05, -4.694761734812114701e-02, 5.302221615361191880e+02, -6.924143300351148778e-01, 1.434570119862050888e+02
1.424232210972636192e+00, -1.064688467440386252e-05, -4.723828674716532006e-02, 4.767843551024136559e+02, -6.240252655642907209e-01, 1.307240935108885083e+02
1.430022725763713920e+00, -1.064761207815197667e-05, -4.752895614620947923e-02, 4.237792105143869890e+02, -5.556362010934638995e-01, 1.180590166239903738e+02
1.435813240554791204e+00, -1.064833948190009420e-05, -4.781962554525363840e-02, 3.712014943572269203e+02, -4.872471366226411305e-01, 1.054612410454705582e+02
1.441603495242009370e+00, -1.064912673044946746e-05, -4.805119989379211254e-02, 3.189440807395654360e+02, -4.188580721518142536e-01, 9.290557039296506048e+01
1.447390985513604011e+00, -1.065055001686477415e-05, -4.765470481910009937e-02, 2.660252106244801666e+02, -3.504690076809894306e-01, 8.015486017471067726e+01
1.453178475785198653e+00, -1.065197330328007745e-05, -4.725820974440810007e-02, 2.135279727947369111e+02, -2.820799432101632198e-01, 6.747137018750984794e+01
1.458965966056793073e+00, -1.065339658969538244e-05, -4.686171466971607996e-02, 1.614473481971051569e+02, -2.136908787393391185e-01, 5.485457041416522372e+01
1.464753456328387493e+00, -1.065481987611068744e-05, -4.646521959502407373e-02, 1.097783971302002328e+02, -1.453018142685129355e-01, 4.230393613358243954e+01
1.470540946599982135e+00, -1.065624316252599074e-05, -4.606872452033206056e-02, 5.851625766960540886e+01, -7.691274979768675246e-02, 2.981894822779311482e+01
1.476328436871576777e+00, -1.065766644894129574e-05, -4.567222944564004045e-02, 7.656144154823834924e+00, -8.523685326861259876e-03, 1.739909303045132560e+01
1.482115927143171197e+00, -1.065908973535660074e-05, -4.527573437094803421e-02, -4.280665430740646116e+01, 5.986537914396423271e-02, 5.043862322817631139e+00
1.487903417414765617e+00, -1.066051302177190573e-05, -4.487923929625602104e-02, -9.287677528941651417e+01, 1.282544436147897426e-01, -7.247247376671836605e+00
1.493690907686360259e+00, -1.066193630818721073e-05, -4.448274422156402175e-02, -1.425587844762484906e+02, 1.966435080856131501e-01, -1.947473357115934789e+01
1.499478397957954456e+00, -1.066335959460251403e-05, -4.408624914687200858e-02, -1.918571770357303308e+02, 2.650325725564379731e-01, -3.163908919417916366e+01
1.505265888229549098e+00, -1.066478288101781903e-05, -4.368975407218000234e-02, -2.407763789903795839e+02, 3.334216370272648500e-01, -4.374080174370725160e+01
1.511053378501143740e+00, -1.066620616743312402e-05, -4.329325899748798917e-02, -2.893207485359698694e+02, 4.018107014980903391e-01, -5.578035413606342274e+01
1.516840868772738382e+00, -1.066762945384842732e-05, -4.289676392279597600e-02, -3.374945773385623511e+02, 4.701997659689158282e-01, -6.775822368042554444e+01
1.522628359044333024e+00, -1.066905274026373063e-05, -4.250026884810396283e-02, -3.853020917851916352e+02, 5.385888304397413728e-01, -7.967488328794708252e+01
1.528415849315927444e+00, -1.067047602667903732e-05, -4.210377377341194965e-02, -4.327474542446207693e+02, 6.069778949105668620e-01, -9.153080146372509773e+01
1.534203339587522086e+00, -1.067189931309434231e-05, -4.170727869871993648e-02, -4.798347642538471405e+02, 6.753669593813923511e-01, -1.033264407745955253e+02
1.539990829859116728e+00, -1.067332259950964731e-05, -4.131078362402792331e-02, -5.265680597086100079e+02, 7.437560238522178402e-01, -1.150622600596403231e+02
1.545778320130711148e+00, -1.067474588592495061e-05, -4.091428854933591708e-02, -5.729513180180452991e+02, 8.121450883230418860e-01, -1.267387132692624192e+02
1.551565810402305345e+00, -1.067616917234025561e-05, -4.051779347464391084e-02, -6.189884572299230285e+02, 8.805341527938673751e-01, -1.383562495885768726e+02
1.557353300673900209e+00, -1.067759245875556060e-05, -4.012129839995190461e-02, -6.646833371379370874e+02, 9.489232172646921981e-01, -1.499153140003542433e+02
1.563140790945494629e+00, -1.067901574517086391e-05, -3.972480332525989144e-02, -7.100397603485644140e+02, 1.017312281735518464e+00, -1.614163467421574580e+02
1.568927073974914377e+00, -1.068071679435453984e-05, -3.905402536416893722e-02, -7.170301212954695984e+02, 1.031106119828610002e+00, -1.634017302310929836e+02
1.574713051986767365e+00, -1.068248802210343857e-05, -3.831394805260883440e-02, -7.143955334852802252e+02, 1.031106119828610668e+00, -1.629935264495427987e+02
1.580499029998620575e+00, -1.068425924985234068e-05, -3.757387074104873159e-02, -7.117802353555164245e+02, 1.031106119828610668e+00, -1.625873571582910131e+02
1.586285008010473785e+00, -1.068603047760123941e-05, -3.683379342948862878e-02, -7.091840158406478167e+02, 1.031106119828610668e+00, -1.621832070893031528e+02
1.592070986022326773e+00, -1.068780170535013813e-05, -3.609371611792852597e-02, -7.066066669161924665e+02, 1.031106119828610668e+00, -1.617810614852796789e+02
1.597856964034179761e+00, -1.068957293309903686e-05, -3.535363880636842315e-02, -7.040479835984544934e+02, 1.031106119828610668e+00, -1.613809048905383179e+02
1.603642942046032749e+00, -1.069134416084793559e-05, -3.461356149480834116e-02, -7.015077638436334837e+02, 1.031106119828610668e+00, -1.609827232501783385e+02
1.609428920057885737e+00, -1.069311538859683432e-05, -3.387348418324824528e-02, -6.989858085235418912e+02, 1.031106119828611112e+00, -1.605865014597167715e+02
1.615214898069738947e+00, -1.069488661634573304e-05, -3.313340687168813553e-02, -6.964819213574006653e+02, 1.031106119828610668e+00, -1.601922254602367843e+02
1.621000876081592157e+00, -1.069665784409463516e-05, -3.239332956012803966e-02, -6.939959088713765141e+02, 1.031106119828611556e+00, -1.597998806620064727e+02
1.626787865553117829e+00, -1.069898060745921979e-05, -3.188338205337826886e-02, -6.614982713774647891e+02, 9.852994384317647070e-01, -1.516855670975447197e+02
1.632574907262722252e+00, -1.070133185555904383e-05, -3.138531988344826079e-02, -6.276856645239588488e+02, 9.371270146338172014e-01, -1.432128642606848246e+02
1.638361948972326898e+00, -1.070368310365886618e-05, -3.088725771351825272e-02, -5.941119676322562100e+02, 8.889545908358690296e-01, -1.347813559745683847e+02
1.644148990681931322e+00, -1.070603435175869022e-05, -3.038919554358824465e-02, -5.607746575227112089e+02, 8.407821670379215240e-01, -1.263907424935186725e+02
1.649936032391535967e+00, -1.070838559985851427e-05, -2.989113337365822964e-02, -5.276712464104500668e+02, 7.926097432399746845e-01, -1.180407269927970049e+02
1.655723074020731822e+00, -1.071088929209225198e-05, -2.939311750999741221e-02, -4.948016267974835500e+02, 7.444281023111980478e-01, -1.096962400220257337e+02
1.661510115597244042e+00, -1.071349286680978061e-05, -2.889513198653441070e-02, -4.621625494555217983e+02, 6.962404222525632180e-01, -1.013692030558543138e+02
1.667297157173756261e+00, -1.071609644152730924e-05, -2.839714646307140225e-02, -4.297500872605637596e+02, 6.480527421939269450e-01, -9.308216632953184444e+01
1.673084198750268259e+00, -1.071870001624483786e-05, -2.789916093960839380e-02, -3.975618882805886187e+02, 5.998650621352927814e-01, -8.483484211225245986e+01
1.678871240293223099e+00, -1.072136551031790586e-05, -2.740119412522834530e-02, -3.655965983601016660e+02, 5.516736580870472695e-01, -7.661257134231308896e+01
1.684658596049427359e+00, -1.072442713128949598e-05, -2.697481349696533026e-02, -3.337489881904451750e+02, 5.034687385494025502e-01, -6.835004935248559832e+01
1.690447764866094271e+00, -1.072847739021274524e-05, -2.696094486679009861e-02, -3.015132599057054108e+02, 4.552638190117576089e-01, -5.996905024611616852e+01
1.696236933682761627e+00, -1.073252764913599281e-05, -2.694707623661486348e-02, -2.694975277268896434e+02, 4.070588994741122790e-01, -5.162783271226588511e+01
1.702026102400578056e+00, -1.073675547261069858e-05, -2.693326095666337405e-02, -2.377023522424761666e+02, 3.588433607265688607e-01, -4.328417325245408165e+01
1.707815271037402161e+00, -1.074112878068416647e-05, -2.691948938834142976e-02, -2.061249858652886928e+02, 3.106191213038142496e-01, -3.494564867633395266e+01
1.713604439442548033e+00, -1.074594132223672419e-05, -2.690585124111737753e-02, -1.747610152130661731e+02, 2.623948818810603045e-01, -2.664527913928613145e+01
1.719393607722148998e+00, -1.075097852451625100e-05, -2.689228052521079951e-02, -1.436107775828600381e+02, 2.141611758791641673e-01, -1.834541450261686180e+01
1.725182775886025421e+00, -1.075621814719654669e-05, -2.687877026490955931e-02, -1.126728014817619936e+02, 1.659154363614229744e-01, -1.003584607264312112e+01
1.730971943938096613e+00, -1.076166407057944097e-05, -2.686532233886430865e-02, -8.194176522036912047e+01, 1.176696968436814483e-01, -1.764617372559115438e+00
1.736761080485084374e+00, -1.076791736950296527e-05, -2.684970443145889493e-02, -5.228620340503908182e+01, 6.987795742976486701e-02, -5.078906383638804201e+00
1.742550207670409801e+00, -1.077430236043141294e-05, -2.683340446385540715e-02, -2.308711681089157608e+01, 2.222198015327398260e-02, -1.182293010461013161e+01
1.748339701275352764e+00, -1.078116297109621684e-05, -2.690059096348070000e-02, -4.444721354829304083e+00, -8.832744003974782321e-03, -2.125988564046059537e+01
1.754129891798743346e+00, -1.078877408067603218e-05, -2.712650026121388169e-02, -5.568646908761366809e+00, -8.316297482517824580e-03, -3.582234430484411547e+01
1.759920082322134149e+00, -1.079638519025584582e-05, -2.735240955894705991e-02, -6.685177019016951050e+00, -7.799850961060864236e-03, -5.031743070951870322e+01
1.765710272438927753e+00, -1.080471017018885056e-05, -2.757853223936844109e-02, -7.793999920823930339e+00, -7.281320742057930707e-03, -6.475142463590729847e+01
1.771500462415700916e+00, -1.081329692912919927e-05, -2.780473421374204598e-02, -8.892376209109915663e+00, -6.749617959912544707e-03, -7.916734727609951960e+01
1.777290587089230378e+00, -1.082280231925139980e-05, -2.802617840675905581e-02, -1.000436334630062163e+01, -6.217915177767848259e-03, -9.379440632632746144e+01
1.783080695652044412e+00, -1.083267762201964014e-05, -2.824649815159083199e-02, -1.111204164437864961e+01, -5.677528929337254116e-03, -1.084552420956030687e+02
1.788870804137758341e+00, -1.084269518694469127e-05, -2.846686088127715897e-02, -1.221041907262283388e+01, -5.128586668182472108e-03, -1.230813564165050593e+02
1.794660912568821987e+00, -1.085281091956920613e-05, -2.868725310597636941e-02, -1.330020394007321372e+01, -4.573773508826271643e-03, -1.376635942005765116e+02
1.800451020874692887e+00, -1.086315153364447420e-05, -2.890771289751598028e-02, -1.437954258050759648e+01, -4.005511362561491907e-03, -1.522317006116275024e+02
1.806241129089946273e+00, -1.087365065300339851e-05, -2.912822002881404471e-02, -1.544948157951840528e+01, -3.427826372377302307e-03, -1.667713718026741105e+02
1.812031237189054123e+00, -1.088435292845008520e-05, -2.934878783544035696e-02, -1.650941473435367968e+01, -2.838064131126645517e-03, -1.812934083568779613e+02
1.817821311291112574e+00, -1.089553344584313173e-05, -2.956687872786947086e-02, -1.663820986128997603e+01, -2.741324597528376882e-03, -1.833219621702535278e+02
1.823611378722365339e+00, -1.090680780253023039e-05, -2.978448360713836784e-02, -1.658538261978067396e+01, -2.741324597528722092e-03, -1.829083136801048681e+02
1.829401446153617439e+00, -1.091808215921732737e-05, -3.000208848640725443e-02, -1.653288977555315142e+01, -2.741324597529067302e-03, -1.824965278285222894e+02
1.835191513584870204e+00, -1.092935651590442773e-05, -3.021969336567615488e-02, -1.648072816719925981e+01, -2.741324597528722092e-03, -1.820865919453221693e+02
1.840981581016122748e+00, -1.094063087259152640e-05, -3.043729824494505187e-02, -1.642889466470702331e+01, -2.741324597528722092e-03, -1.816784937034883001e+02
1.846771648447375513e+00, -1.095190522927862506e-05, -3.065490312421395580e-02, -1.637738617600630064e+01, -2.741324597528376882e-03, -1.812722204288211287e+02
1.852561715878628057e+00, -1.096317958596572373e-05, -3.087250800348284585e-02, -1.632619966866768380e+01, -2.741324597528376882e-03, -1.808677603211034466e+02
1.858351783309880823e+00, -1.097445394265282240e-05, -3.109011288275174978e-02, -1.627533212107988092e+01, -2.741324597528376882e-03, -1.804651008817353386e+02
1.864141850741133366e+00, -1.098572829933992107e-05, -3.130771776202063983e-02, -1.622478056453849149e+01, -2.741324597528376882e-03, -1.800642304740512714e+02
1.869931918172385910e+00, -1.099700265602701973e-05, -3.152532264128954376e-02, -1.617454206572543285e+01, -2.741324597528376882e-03, -1.796651369546667070e+02
1.875721985603638231e+00, -1.100827701271411840e-05, -3.174292752055843381e-02, -1.612461372362004397e+01, -2.741324597528376882e-03, -1.792678085113163604e+02
1.881512053034890997e+00, -1.101955136940121707e-05, -3.196053239982732386e-02, -1.607499267670360510e+01, -2.741324597529067302e-03, -1.788722338665660345e+02
1.887302120466143540e+00, -1.103082572608831574e-05, -3.217813727909622779e-02, -1.602567609469669208e+01, -2.741324597528376882e-03, -1.784784008689992447e+02
1.893092187897396084e+00, -1.104210008277541440e-05, -3.239574215836511784e-02, -1.597666118242383249e+01, -2.741324597529067302e-03, -1.780862984047333271e+02
1.898882255328649071e+00, -1.105337443946251646e-05, -3.261334703763402176e-02, -1.592794518414871163e+01, -2.741324597529067302e-03, -1.776959151923180968e+02
1.904672322759901171e+00, -1.106464879614961174e-05, -3.283095191690291181e-02, -1.587952536991822683e+01, -2.741324597529067302e-03, -1.773072394315363738e+02
1.910462390191154158e+00, -1.107592315283671210e-05, -3.304855679617181574e-02, -1.583139905167980999e+01, -2.741324597529067302e-03, -1.769202603516728232e+02
1.916252457622406480e+00, -1.108719750952381077e-05, -3.326616167544070579e-02, -1.578356356454585985e+01, -2.741324597529067302e-03, -1.765349670224766214e+02
1.922042525053659467e+00, -1.109847186621091113e-05, -3.348376655470961666e-02, -1.573601628702667732e+01, -2.741324597528376882e-03, -1.761513479868978891e+02
1.927832592484911789e+00, -1.110974622289800980e-05, -3.370137143397850671e-02, -1.568875461125717408e+01, -2.741324597528376882e-03, -1.757693926498209862e+02
1.933622659916164332e+00, -1.112102057958510847e-05, -3.391897631324739676e-02, -1.564177597800666142e+01, -2.741324597528376882e-03, -1.753890902565947272e+02
1.938510018993472084e+00, -1.116383486520143577e-05, -3.999983965881655223e-02, 5.333476591049322035e-01, -1.913698059201314125e-03, 3.252234872701587420e+01
1.943307096287855806e+00, -1.140204573860130187e-05, -4.565617101919874909e-02, 5.671240339631651750e+02, -1.743363260887288158e-01, 1.938026252114921590e+04
1.151991404588811996e+00, -1.086768892848576133e-05, -1.398655934387803279e-02, 5.217670946341675803e-03, -9.330424424698564867e-03, 1.541585160495075257e+01
1.157909475504124819e+00, -1.087220792466666259e-05, -4.327146064026139716e-02, 1.705465830845809251e+03, -1.880584965416743692e+00, 3.984086486545977550e+02
1.163701502554943756e+00, -1.087258738708118470e-05, -4.390571227617366679e-02, 1.696977306684454561e+03, -1.880584965416744359e+00, 3.971992737810689960e+02
1.169493529605762916e+00, -1.087296684949570511e-05, -4.453996391208592254e-02, 1.688572862991593183e+03, -1.880584965416743692e+00, 3.959972190907342906e+02
1.175285556656581853e+00, -1.087334631191022553e-05, -4.517421554799817829e-02, 1.680251256673329408e+03, -1.880584965416743692e+00, 3.948024179203667927e+02
1.181077583707400791e+00, -1.087372577432474764e-05, -4.580846718391043404e-02, 1.672011269024280864e+03, -1.880584965416743026e+00, 3.936148049754845033e+02
1.186869610758219507e+00, -1.087410523673926805e-05, -4.644271881982268979e-02, 1.663851705117921711e+03, -1.880584965416743026e+00, 3.924343156204710112e+02
1.192661637809038666e+00, -1.087448469915378847e-05, -4.707697045573495942e-02, 1.655771393254232862e+03, -1.880584965416744359e+00, 3.912608859138923663e+02
1.198452664668935297e+00, -1.087509428590064398e-05, -4.748398081495036616e-02, 1.608386963247521635e+03, -1.835353237303803287e+00, 3.811849884924482694e+02
1.204243179460012581e+00, -1.087582168964875982e-05, -4.777465021399452533e-02, 1.541392478588444419e+03, -1.766964172832979241e+00, 3.666211732518681288e+02
1.210033694251090086e+00, -1.087654909339687566e-05, -4.806531961303869144e-02, 1.475039022093714038e+03, -1.698575108362153863e+00, 3.521436954421196788e+02
1.215824209042167592e+00, -1.087727649714499150e-05, -4.835598901208287143e-02, 1.409317437173679991e+03, -1.630186043891328262e+00, 3.377517896543033658e+02
1.221614723833245097e+00, -1.087800390089310734e-05, -4.864665841112702366e-02, 1.344218740803593846e+03, -1.561796979420502884e+00, 3.234446995566744931e+02
1.227405238624322603e+00, -1.087873130464122149e-05, -4.893732781017119671e-02, 1.279734119440426184e+03, -1.493407914949677950e+00, 3.092216773720438141e+02
1.233195753415400109e+00, -1.087945870838933563e-05, -4.922799720921536976e-02, 1.215854925021808867e+03, -1.425018850478851684e+00, 2.950819843768317696e+02
1.238986268206477614e+00, -1.088018611213745317e-05, -4.951866660825953587e-02, 1.152572671140559578e+03, -1.356629786008026306e+00, 2.810248902500517261e+02
1.244776782997555342e+00, -1.088091351588556732e-05, -4.980933600730370892e-02, 1.089879029230664401e+03, -1.288240721537200040e+00, 2.670496735566671873e+02
1.250567297788632626e+00, -1.088164091963368316e-05, -5.010000540634786809e-02, 1.027765824963296382e+03, -1.219851657066375328e+00, 2.531556210926509038e+02
1.256357812579710131e+00, -1.088236832338179900e-05, -5.039067480539204114e-02, 9.662250346591633843e+02, -1.151462592595548395e+00, 2.393420275300449589e+02
1.262148327370787637e+00, -1.088309572712991314e-05, -5.068134420443619337e-02, 9.052487818647309723e+02, -1.083073528124725016e+00, 2.256081962788032911e+02
1.267938842161865143e+00, -1.088382313087802898e-05, -5.097201360348036642e-02, 8.448293339555079910e+02, -1.014684463653900082e+00, 2.119534381258950475e+02
1.273729356952942426e+00, -1.088455053462614483e-05, -5.126268300252453947e-02, 7.849590989052356917e+02, -9.462953991830740375e-01, 1.983770724089206681e+02
1.279519871744019710e+00, -1.088527793837426067e-05, -5.155335240156869864e-02, 7.256306220663147997e+02, -8.779063347122477712e-01, 1.848784260376247346e+02
1.285310386535097438e+00, -1.088600534212237481e-05, -5.184402180061287863e-02, 6.668365831068466605e+02, -8.095172702414222821e-01, 1.714568334585780747e+02
1.291100901326174943e+00, -1.088673274587049065e-05, -5.213469119965703780e-02, 6.085697929924118625e+02, -7.411282057705982362e-01, 1.581116366747988593e+02
1.296891416117252671e+00, -1.088746014961860649e-05, -5.242536059870121085e-02, 5.508231910458944185e+02, -6.727391412997713038e-01, 1.448421854016393695e+02
1.302681930908329955e+00, -1.088818755336672233e-05, -5.271602999774538389e-02, 4.935898420965145306e+02, -6.043500768289464808e-01, 1.316478364118450202e+02
1.308472445699407682e+00, -1.088891495711483648e-05, -5.300669939678954307e-02, 4.368629337201978728e+02, -5.359610123581203256e-01, 1.185279541983438918e+02
1.314262960490485188e+00, -1.088964236086295232e-05, -5.329736879583370918e-02, 3.806357735132072548e+02, -4.675719478872948365e-01, 1.054819097888577488e+02
1.320052345038710495e+00, -1.089062981134403366e-05, -5.333124939292818029e-02, 3.244289282071928824e+02, -3.991828834164693474e-01, 9.239820155637455912e+01
1.325839835310304915e+00, -1.089205309775934035e-05, -5.293475431823618099e-02, 2.679238791840489284e+02, -3.307938189456466338e-01, 7.920240107550465325e+01
1.331627325581899335e+00, -1.089347638417464365e-05, -5.253825924354417476e-02, 2.119101309345933828e+02, -2.624047544748204230e-01, 6.608024402725924062e+01
1.337414815853493977e+00, -1.089489967058994695e-05, -5.214176416885216159e-02, 1.563813035409166901e+02, -1.940156900039949339e-01, 5.303111604302249305e+01
1.343202306125088619e+00, -1.089632295700525195e-05, -5.174526909416014148e-02, 1.013311270745139723e+02, -1.256266255331701109e-01, 4.005440876745430501e+01
1.348989796396683261e+00, -1.089774624342055694e-05, -5.134877401946813524e-02, 4.675343923708487637e+01, -5.723756106234324792e-02, 2.714952104780329023e+01
1.354777286668277902e+00, -1.089916952983586025e-05, -5.095227894477612207e-02, -7.357816943800628451e+00, 1.115150340848224814e-02, 1.431585842307993062e+01
1.360564776939872322e+00, -1.090059281625116524e-05, -5.055578387008410890e-02, -6.100859535645565757e+01, 7.954056787930774419e-02, 1.552832800510486777e+00
1.366352267211466742e+00, -1.090201610266647024e-05, -5.015928879539209573e-02, -1.142047489766439412e+02, 1.479296323501332333e-01, -1.114013740819737563e+01
1.372139757483061384e+00, -1.090343938908177354e-05, -4.976279372070008256e-02, -1.669520320053177898e+02, 2.163186968209587224e-01, -2.376362743096868968e+01
1.377927247754656026e+00, -1.090486267549707854e-05, -4.936629864600806938e-02, -2.192561019538619860e+02, 2.847077612917842115e-01, -3.631820614713382156e+01
1.383714738026250224e+00, -1.090628596191238353e-05, -4.896980357131607009e-02, -2.711225216517570971e+02, 3.530968257626069806e-01, -4.880443642274735794e+01
1.389502228297844866e+00, -1.090770924832768853e-05, -4.857330849662405692e-02, -3.225567612177588330e+02, 4.214858902334324697e-01, -6.122287477919341825e+01
1.395289718569439508e+00, -1.090913253474299352e-05, -4.817681342193205069e-02, -3.735641999859132056e+02, 4.898749547042593466e-01, -7.357407189223977184e+01
1.401077208841034150e+00, -1.091055582115829683e-05, -4.778031834724003751e-02, -4.241501283968384541e+02, 5.582640191750848357e-01, -8.585857227633997013e+01
1.406864699112628792e+00, -1.091197910757360182e-05, -4.738382327254801740e-02, -4.743197498051027310e+02, 6.266530836459096587e-01, -9.807691493172590924e+01
1.412652189384223211e+00, -1.091340239398890682e-05, -4.698732819785601117e-02, -5.240781822713584006e+02, 6.950421481167358140e-01, -1.102296325218073889e+02
1.418439679655817853e+00, -1.091482568040421012e-05, -4.659083312316399800e-02, -5.734304603086815177e+02, 7.634312125875613031e-01, -1.223172527222961037e+02
1.424227169927412273e+00, -1.091624896681951512e-05, -4.619433804847199176e-02, -6.223815365669606763e+02, 8.318202770583882355e-01, -1.343402970318926748e+02
1.430014660199006915e+00, -1.091767225323481842e-05, -4.579784297377997165e-02, -6.709362835139156687e+02, 9.002093415292122813e-01, -1.462992816380533441e+02
1.435802150470601113e+00, -1.091909553965012511e-05, -4.540134789908797930e-02, -7.190994950169426829e+02, 9.685984060000357720e-01, -1.581947168708453546e+02
1.441589510690266085e+00, -1.092054874846606051e-05, -4.497530529914310626e-02, -7.625189948573186030e+02, 1.031106119828610002e+00, -1.689734831552309515e+02
1.447375488702119295e+00, -1.092231997621495923e-05, -4.423522798758301733e-02, -7.594707759495415758e+02, 1.031106119828610002e+00, -1.685268146475790161e+02
1.453161466713972505e+00, -1.092409120396385796e-05, -4.349515067602291452e-02, -7.564468309120254617e+02, 1.031106119828610668e+00, -1.680825013408762914e+02
1.458947444725825271e+00, -1.092586243171275669e-05, -4.275507336446281170e-02, -7.534468709413625902e+02, 1.031106119828610668e+00, -1.676405245649809217e+02
1.464733422737678481e+00, -1.092763365946165541e-05, -4.201499605290270889e-02, -7.504706117988135929e+02, 1.031106119828610668e+00, -1.672008661801988296e+02
1.470519400749531469e+00, -1.092940488721055414e-05, -4.127491874134260608e-02, -7.475177737251981398e+02, 1.031106119828610668e+00, -1.667635078634796173e+02
1.476305378761384679e+00, -1.093117611495945287e-05, -4.053484142978249632e-02, -7.445880813414270278e+02, 1.031106119828610668e+00, -1.663284316349402161e+02
1.482091356773237667e+00, -1.093294734270835498e-05, -3.979476411822240045e-02, -7.416812635686123940e+02, 1.031106119828610668e+00, -1.658956198539405875e+02
1.487877334785090877e+00, -1.093471857045725371e-05, -3.905468680666229764e-02, -7.387970535484661241e+02, 1.031106119828610668e+00, -1.654650545405976914e+02
1.493663312796943643e+00, -1.093648979820615244e-05, -3.831460949510222258e-02, -7.359351885581100987e+02, 1.031106119828610668e+00, -1.650367182258551111e+02
1.499449290808796631e+00, -1.093826102595505116e-05, -3.757453218354211977e-02, -7.330954099181028596e+02, 1.031106119828610668e+00, -1.646105941152184187e+02
1.505235268820649841e+00, -1.094003225370394989e-05, -3.683445487198201695e-02, -7.302774629419800476e+02, 1.031106119828610668e+00, -1.641866647357070974e+02
1.511021246832503051e+00, -1.094180348145284862e-05, -3.609437756042191414e-02, -7.274810968351741849e+02, 1.031106119828610668e+00, -1.637649133006751185e+02
1.516807224844356039e+00, -1.094357470920174734e-05, -3.535430024886181133e-02, -7.247060646308889318e+02, 1.031106119828610668e+00, -1.633453230117038117e+02
1.522593202856209249e+00, -1.094534593695064777e-05, -3.461422293730170852e-02, -7.219521231224091480e+02, 1.031106119828610668e+00, -1.629278772458824562e+02
1.528379180868062237e+00, -1.094711716469954819e-05, -3.387414562574160570e-02, -7.192190327766306837e+02, 1.031106119828610668e+00, -1.625125600666347907e+02
1.534165158879915225e+00, -1.094888839244844691e-05, -3.313406831418150289e-02, -7.165065576772133227e+02, 1.031106119828610446e+00, -1.620993545000343943e+02
1.539951136891768435e+00, -1.095065962019734564e-05, -3.239399100262140008e-02, -7.138144654593440919e+02, 1.031106119828610668e+00, -1.616882449526722780e+02
1.545737114903621201e+00, -1.095243084794624437e-05, -3.165391369106131114e-02, -7.111425272282933747e+02, 1.031106119828610002e+00, -1.612792153006917886e+02
1.551523092915474411e+00, -1.095420207569514309e-05, -3.091383637950121527e-02, -7.084905175054009305e+02, 1.031106119828610668e+00, -1.608722501144192449e+02
1.557309070927327621e+00, -1.095597330344404182e-05, -3.017375906794111939e-02, -7.058582141774627416e+02, 1.031106119828610668e+00, -1.604673336170894231e+02
1.563095850993254432e+00, -1.095818188069829469e-05, -2.961616708178538282e-02, -6.790296214973220685e+02, 9.947829361919370283e-01, -1.539144993328521878e+02
1.568882892702859300e+00, -1.096053312879811703e-05, -2.911810491185538169e-02, -6.445285318447333793e+02, 9.466105123939874133e-01, -1.453932876249922117e+02
1.574669934412463501e+00, -1.096288437689794108e-05, -2.862004274192537015e-02, -6.102810769517976723e+02, 8.984380885960405738e-01, -1.369146443445007151e+02
1.580456976122068369e+00, -1.096523562499776681e-05, -2.812198057199536208e-02, -5.762844701574961164e+02, 8.502656647980927351e-01, -1.284782517756623008e+02
1.586244017831672570e+00, -1.096758687309758916e-05, -2.762391840206535054e-02, -5.425359654870690065e+02, 8.020932410001460067e-01, -1.200837945382209853e+02
1.592031059541277216e+00, -1.096993812119741320e-05, -2.712585623213534247e-02, -5.090328568908258831e+02, 7.539208172021978349e-01, -1.117309606208064281e+02
1.597818101205904506e+00, -1.097237464082552306e-05, -2.662781996419474190e-02, -4.757738059781131597e+02, 7.057432376871215496e-01, -1.033999641967897105e+02
1.603605142782416504e+00, -1.097497821554304999e-05, -2.612983444073174732e-02, -4.427574395343719971e+02, 6.575555576284883852e-01, -9.507200913712628676e+01
1.609392184358928723e+00, -1.097758179026057862e-05, -2.563184891726874581e-02, -4.099785553260851998e+02, 6.093678775698531114e-01, -8.678504280719882047e+01
1.615179225935440943e+00, -1.098018536497810725e-05, -2.513386339380573736e-02, -3.774346002822888408e+02, 5.611801975112172824e-01, -7.853876342678682931e+01
1.620966267511952719e+00, -1.098278893969563757e-05, -2.463587787034272891e-02, -3.451230577828561081e+02, 5.129925174525820086e-01, -7.033287223746390282e+01
1.626755331996597942e+00, -1.098651627400431746e-05, -2.459815820753830790e-02, -3.123549872661718609e+02, 4.648035931426759970e-01, -6.198562785610806714e+01
1.632544500813265298e+00, -1.099056653292756672e-05, -2.458428957736307624e-02, -2.797880929775438972e+02, 4.165986736050313888e-01, -5.360846208084201692e+01
1.638333669629932876e+00, -1.099461679185081259e-05, -2.457042094718784805e-02, -2.474513101039501919e+02, 3.683937540673867250e-01, -4.527202598197717975e+01
1.644122838446600010e+00, -1.099866705077406185e-05, -2.455655231701261293e-02, -2.153422083456831331e+02, 3.201888345297424499e-01, -3.697602365229516863e+01
1.649912007263266922e+00, -1.100271730969731111e-05, -2.454268368683737433e-02, -1.834583915083436239e+02, 2.719839149920975085e-01, -2.872016109161866737e+01
1.655701175798166336e+00, -1.100728971986583975e-05, -2.452897294702967648e-02, -1.518009979858096301e+02, 2.237660020887060619e-01, -2.045224073577795210e+01
1.661490344168806033e+00, -1.101216768117471851e-05, -2.451535467164174531e-02, -1.203658802844350930e+02, 1.755417626659500629e-01, -1.219878549419224001e+01
1.667279512539445507e+00, -1.101704564248359727e-05, -2.450173639625380373e-02, -8.914902163093238130e+01, 1.273175232431971726e-01, -3.984976464535360918e+00
1.673068680910084982e+00, -1.102192360379247603e-05, -2.448811812086586215e-02, -5.814815676631962305e+01, 7.909328382044115979e-02, 4.189471091777686063e+00
1.678857849018979165e+00, -1.102726584331229019e-05, -2.447463894053000452e-02, -2.736654474466936904e+01, 3.084880590344188378e-02, 1.240662776280422896e+01
1.684647174039680007e+00, -1.103316445437541824e-05, -2.449706104287014546e-02, -1.302646858418261555e+00, -1.027917825522913289e-02, 1.941927734112979920e+01
1.690437405590612840e+00, -1.103955738441437755e-05, -2.472573914425418851e-02, -1.317218643373629705e+00, -1.035249397502455669e-02, 1.965709122776548412e+01
1.696227607180780250e+00, -1.104637177733338817e-05, -2.495223440199779638e-02, -2.165250444318889578e+00, -9.991320892907187140e-03, 8.915558252959916885e+00
1.702017797866155480e+00, -1.105369191771567756e-05, -2.517805627647188779e-02, -3.304452587593498247e+00, -9.474874371450229399e-03, -5.688143801204589067e+00
1.707807988389546061e+00, -1.106130302729549120e-05, -2.540396557420506948e-02, -4.435982414042594968e+00, -8.958427849993269923e-03, -2.022206267047948813e+01
1.713598178797097971e+00, -1.106913375361484975e-05, -2.562994158248719373e-02, -5.556600649490280652e+00, -8.428702784003682877e-03, -3.473639221015113066e+01
1.719388369005319550e+00, -1.107731567175366917e-05, -2.585602264565010217e-02, -6.669245228657482372e+00, -7.897000001859331639e-03, -4.918885870013889416e+01
1.725178558982092270e+00, -1.108590243069402126e-05, -2.608222462002369318e-02, -7.774495251220501224e+00, -7.365297219715327345e-03, -6.357240885048484813e+01
1.730968748902962151e+00, -1.109459233998567095e-05, -2.630845776152527724e-02, -8.870791312359326497e+00, -6.827390709620803112e-03, -7.791207751967472461e+01
1.736758876112000749e+00, -1.110434652090087027e-05, -2.653018461160774888e-02, -9.976922596023934275e+00, -6.278448448467056735e-03, -9.249049331943211882e+01
1.742548984597714679e+00, -1.111436408582591800e-05, -2.675054734129408279e-02, -1.108163712624917352e+01, -5.729506187312966015e-03, -1.070797851987352232e+02
1.748339093006678446e+00, -1.112451951687643010e-05, -2.697095149359872088e-02, -1.217691428855199121e+01, -5.172318872108072792e-03, -1.216332258650958380e+02
1.754129201312549124e+00, -1.113486013095169817e-05, -2.719141128513833522e-02, -1.326212227583387460e+01, -4.604056725843293923e-03, -1.361620080478730870e+02
1.759919309618419803e+00, -1.114520074502696793e-05, -2.741187107667795303e-02, -1.434018957531127825e+01, -4.035794579579550685e-03, -1.506235741933512315e+02
1.765709417730081165e+00, -1.115588106291509745e-05, -2.763243232538081101e-02, -1.540587432695088310e+01, -3.447337674291536640e-03, -1.650986969342138764e+02
1.771499525829189459e+00, -1.116658333836178415e-05, -2.785300013200714062e-02, -1.646425045579839974e+01, -2.857575433040534640e-03, -1.795123389632817066e+02
1.777289601276675901e+00, -1.117774492939939167e-05, -2.807118904795516748e-02, -1.662844804295469103e+01, -2.741324597529067302e-03, -1.820092389110149043e+02
1.783079668707928667e+00, -1.118901928608649203e-05, -2.828879392722407488e-02, -1.657445167161883148e+01, -2.741324597528376882e-03, -1.815919649698499825e+02
1.788869736139181210e+00, -1.120029364277359070e-05, -2.850639880649296493e-02, -1.652080484384707404e+01, -2.741324597528376882e-03, -1.811765997818205847e+02
1.794659803570433754e+00, -1.121156799946068937e-05, -2.872400368576186885e-02, -1.646750416995095279e+01, -2.741324597528376882e-03, -1.807631306233492694e+02
1.800449871001686519e+00, -1.122284235614778804e-05, -2.894160856503076237e-02, -1.641454631571512834e+01, -2.741324597529067302e-03, -1.803515442639559581e+02
1.806239938432939063e+00, -1.123411671283488670e-05, -2.915921344429966283e-02, -1.636192798689391026e+01, -2.741324597528376882e-03, -1.799418279800631808e+02
1.812030005864191606e+00, -1.124539106952198537e-05, -2.937681832356855288e-02, -1.630964592345072361e+01, -2.741324597528722092e-03, -1.795339690520176532e+02
1.817820073295444150e+00, -1.125666542620908404e-05, -2.959442320283745681e-02, -1.625769691719917631e+01, -2.741324597528376882e-03, -1.791279549317497128e+02
1.823610140726696915e+00, -1.126793978289618440e-05, -2.981202808210635380e-02, -1.620607779169559848e+01, -2.741324597528376882e-03, -1.787237728917576760e+02
1.829400208157949459e+00, -1.127921413958328137e-05, -3.002963296137524385e-02, -1.615478541290169545e+01, -2.741324597528376882e-03, -1.783214108908744038e+02
1.835190275589202002e+00, -1.129048849627038174e-05, -3.024723784064414778e-02, -1.610381669591771114e+01, -2.741324597528722092e-03, -1.779208562094465833e+02
1.840980343020454324e+00, -1.130176285295747871e-05, -3.046484271991303783e-02, -1.605316858219396181e+01, -2.741324597528376882e-03, -1.775220971416259772e+02
1.846770410451707312e+00, -1.131303720964457738e-05, -3.068244759918194176e-02, -1.600283805424565742e+01, -2.741324597528376882e-03, -1.771251216423212611e+02
1.852560477882959633e+00, -1.132431156633167774e-05, -3.090005247845083181e-02, -1.595282213589814546e+01, -2.741324597528376882e-03, -1.767299175027058311e+02
1.858350545314212399e+00, -1.133558592301877641e-05, -3.111765735771973573e-02, -1.590311788911541591e+01, -2.741324597528376882e-03, -1.763364730130072076e+02
1.864140612745464942e+00, -1.134686027970587338e-05, -3.133526223698862578e-02, -1.585372241049977404e+01, -2.741324597528376882e-03, -1.759447763114903580e+02
1.869930680176717708e+00, -1.135813463639297544e-05, -3.155286711625752971e-02, -1.580463282181639428e+01, -2.741324597528376882e-03, -1.755548160197774337e+02
1.875720747607970029e+00, -1.136940899308007410e-05, -3.177047199552641976e-02, -1.575584630045686296e+01, -2.741324597528376882e-03, -1.751665806114522468e+02
1.881510815039222573e+00, -1.138068334976717277e-05, -3.198807687479531675e-02, -1.570736004897563376e+01, -2.741324597528376882e-03, -1.747800583845907454e+02
1.887300882470475338e+00, -1.139195770645426974e-05, -3.220568175406421374e-02, -1.565917129250100714e+01, -2.741324597529067302e-03, -1.743952383039823530e+02
1.893090949901727660e+00, -1.140323206314136841e-05, -3.242328663333311073e-02, -1.561127731565589372e+01, -2.741324597528376882e-03, -1.740121091824540258e+02
1.898881017332980647e+00, -1.141450641982846877e-05, -3.264089151260201466e-02, -1.556367541780867469e+01, -2.741324597528376882e-03, -1.736306596573247134e+02
1.904671084764232969e+00, -1.142578077651556575e-05, -3.285849639187090471e-02, -1.551636292349060220e+01, -2.741324597528376882e-03, -1.732508785257244881e+02
1.910461152195485957e+00, -1.143705513320266611e-05, -3.307610127113980864e-02, -1.546933721809869056e+01, -2.741324597528376882e-03, -1.728727556142852109e+02
1.916251219626738278e+00, -1.144832948988976478e-05, -3.329370615040869869e-02, -1.542259569373244332e+01, -2.741324597528376882e-03, -1.724962792250070720e+02
1.922041287057990822e+00, -1.145960384657686344e-05, -3.351131102967760261e-02, -1.537613578358690702e+01, -2.741324597528376882e-03, -1.721214391688251339e+02
1.927831354489243365e+00, -1.147087820326396211e-05, -3.372891590894649266e-02, -1.532995494583605378e+01, -2.741324597528376882e-03, -1.717482247693929764e+02
1.933621421920495909e+00, -1.148215255995106078e-05, -3.394652078821538271e-02, -1.528405068130449607e+01, -2.741324597528376882e-03, -1.713766253346673523e+02
1.938510061312899158e+00, -1.152492211235212952e-05, -4.001906824938020191e-02, 5.211497259786475045e-01, -1.913698059201314125e-03, 3.177858889582653745e+01
1.943329414922547294e+00, -1.157011245620188168e-05, -4.654163974162342510e-02, 5.198573039570877352e-01, -1.913698059202004762e-03, 3.150905128699766777e+01
1.151991404847352074e+00, -1.112083890379989354e-05, -1.408172078007307107e-02, 5.368653924918499569e-03, -9.611188082403642613e-03, 1.587584481200473618e+01
1.157969591679713695e+00, -1.112658081733711879e-05, -5.703109565214876941e-02, 7.661374493711416562e+02, -8.582311459769049744e-01, 1.883364508549706500e+02
1.163760106470791200e+00, -1.112730822108523463e-05, -5.732176505119294246e-02, 7.024034843951161520e+02, -7.898420815060788192e-01, 1.743622553662630423e+02
1.169550621261868706e+00, -1.112803562483335047e-05, -5.761243445023710164e-02, 6.393004702308458036e+02, -7.214530170352539962e-01, 1.604726578007690989e+02
1.175341136052946212e+00, -1.112876302858146461e-05, -5.790310384928126775e-02, 5.768190836537221458e+02, -6.530639525644271748e-01, 1.466668920166104897e+02
1.181131650844023717e+00, -1.112949043232958215e-05, -5.819377324832543386e-02, 5.149501841936298661e+02, -5.846748880936030179e-01, 1.329442013775924352e+02
1.186922165635101223e+00, -1.113021783607769630e-05, -5.848444264736959997e-02, 4.536848097320748820e+02, -5.162858236227775288e-01, 1.193038382847354342e+02
1.192712680426178729e+00, -1.113094523982581214e-05, -5.877511204641378689e-02, 3.930141721284082905e+02, -4.478967591519513181e-01, 1.057450641417651980e+02
1.198501194835411621e+00, -1.113213289223859986e-05, -5.861129889206425497e-02, 3.320289623633264000e+02, -3.795076946811258289e-01, 9.206338507454630360e+01
1.204288685107006041e+00, -1.113355617865390316e-05, -5.821480381737225568e-02, 2.711711664781446416e+02, -3.111186302103031154e-01, 7.835904455106741295e+01
1.210076175378600682e+00, -1.113497946506920816e-05, -5.781830874268023557e-02, 2.108956710914884525e+02, -2.427295657394762385e-01, 6.473594659079944336e+01
1.215863665650195102e+00, -1.113640275148451315e-05, -5.742181366798823627e-02, 1.511941586239706226e+02, -1.743405012686500277e-01, 5.119337110201384178e+01
1.221651155921789744e+00, -1.113782603789981645e-05, -5.702531859329620922e-02, 9.205846917061813883e+01, -1.059514367978259264e-01, 3.773060620446005942e+01
1.227438646193384386e+00, -1.113924932431511976e-05, -5.662882351860420299e-02, 3.348059675427020920e+01, -3.756237232699973644e-02, 2.434694840085946055e+01
1.233226136464978806e+00, -1.114067261073042475e-05, -5.623232844391219676e-02, -2.454731426324883614e+01, 3.082669214382575615e-02, 1.104170259224304118e+01
1.239013626736573448e+00, -1.114209589714572975e-05, -5.583583336922018359e-02, -8.203297270905994765e+01, 9.921575661465194262e-02, -2.185818611858493909e+00
1.244801117008168090e+00, -1.114351918356103305e-05, -5.543933829452817041e-02, -1.389839440091359961e+02, 1.676048210854767517e-01, -1.533629387978920988e+01
1.250588607279762510e+00, -1.114494246997633974e-05, -5.504284321983615724e-02, -1.954076534927658599e+02, 2.359938855563022408e-01, -2.841039482669347649e+01
1.256376097551357152e+00, -1.114636575639164304e-05, -5.464634814514414407e-02, -2.513113896479616756e+02, 3.043829500271277300e-01, -4.140878452858769521e+01
1.262163587822951571e+00, -1.114778904280694804e-05, -5.424985307045214478e-02, -3.067023072363064671e+02, 3.727720144979511652e-01, -5.433211883679462062e+01
1.267951078094545991e+00, -1.114921232922225304e-05, -5.385335799576013160e-02, -3.615874303581338154e+02, 4.411610789687766543e-01, -6.718104606179677774e+01
1.273738568366140633e+00, -1.115063561563755634e-05, -5.345686292106811843e-02, -4.159736554053184250e+02, 5.095501434396035867e-01, -7.995620678257030534e+01
1.279526058637735053e+00, -1.115205890205286133e-05, -5.306036784637609832e-02, -4.698677539819218509e+02, 5.779392079104282987e-01, -9.265823471555773949e+01
1.285313548909329695e+00, -1.115348218846816633e-05, -5.266387277168409903e-02, -5.232763756840715814e+02, 6.463282723812537878e-01, -1.052877556972080839e+02
1.291101039180924115e+00, -1.115490547488346963e-05, -5.226737769699208586e-02, -5.762060508451177157e+02, 7.147173368520793879e-01, -1.178453891775738640e+02
1.296888529452518757e+00, -1.115632876129877632e-05, -5.187088262230007268e-02, -6.286631932074188853e+02, 7.831064013229048770e-01, -1.303317467305485309e+02
1.302676019724113399e+00, -1.115775204771407962e-05, -5.147438754760806645e-02, -6.806541024860039215e+02, 8.514954657937310323e-01, -1.427474337227918397e+02
1.308463509995708041e+00, -1.115917533412938462e-05, -5.107789247291603940e-02, -7.321849669301432186e+02, 9.198845302645565214e-01, -1.550930486354233153e+02
1.314251000267302683e+00, -1.116059862054468962e-05, -5.068139739822403317e-02, -7.832618657412837138e+02, 9.882735947353813444e-01, -1.673691827517099568e+02
1.320037925417471225e+00, -1.116215193032647651e-05, -5.015650792255717250e-02, -8.136881540453300659e+02, 1.031106119828610668e+00, -1.748391160338239843e+02
1.325823903429323991e+00, -1.116392315807537524e-05, -4.941643061099709050e-02, -8.101371690198230908e+02, 1.031106119828612222e+00, -1.743497816718124795e+02
1.331609881441176979e+00, -1.116569438582427735e-05, -4.867635329943699463e-02, -8.066170427604647557e+02, 1.031106119828611556e+00, -1.738631785776101424e+02
1.337395859453030189e+00, -1.116746561357317269e-05, -4.793627598787689181e-02, -8.031273747482277940e+02, 1.031106119828610668e+00, -1.733792843702667597e+02
1.343181837464883177e+00, -1.116923684132207481e-05, -4.719619867631678900e-02, -7.996677713781821240e+02, 1.031106119828610668e+00, -1.728980761850262411e+02
1.348967815476736387e+00, -1.117100806907097353e-05, -4.645612136475668619e-02, -7.962378457835254721e+02, 1.031106119828610668e+00, -1.724195316447728601e+02
1.354753793488589597e+00, -1.117277929681987226e-05, -4.571604405319658337e-02, -7.928372177241985810e+02, 1.031106119828610668e+00, -1.719436287000409038e+02
1.360539771500442585e+00, -1.117455052456877099e-05, -4.497596674163648056e-02, -7.894655134129845919e+02, 1.031106119828610668e+00, -1.714703459758368354e+02
1.366325749512295573e+00, -1.117632175231766972e-05, -4.423588943007637775e-02, -7.861223653984070552e+02, 1.031106119828610668e+00, -1.709996614265293999e+02
1.372111727524148783e+00, -1.117809298006656844e-05, -4.349581211851627494e-02, -7.828074124332034671e+02, 1.031106119828611556e+00, -1.705315536732906594e+02
1.377897705536001993e+00, -1.117986420781546717e-05, -4.275573480695617212e-02, -7.795202993308507757e+02, 1.031106119828610668e+00, -1.700660019925925326e+02
1.383683683547854759e+00, -1.118163543556436759e-05, -4.201565749539609707e-02, -7.762606768424034271e+02, 1.031106119828611556e+00, -1.696029851771010044e+02
1.389469661559707747e+00, -1.118340666331326801e-05, -4.127558018383599425e-02, -7.730282015540951761e+02, 1.031106119828611556e+00, -1.691424828347724088e+02
1.395255639571560735e+00, -1.118517789106216674e-05, -4.053550287227589144e-02, -7.698225357250205434e+02, 1.031106119828610668e+00, -1.686844744212415321e+02
1.401041617583413945e+00, -1.118694911881106547e-05, -3.979542556071578863e-02, -7.666433472059886753e+02, 1.031106119828610668e+00, -1.682289395406303356e+02
1.406827595595267155e+00, -1.118872034655996419e-05, -3.905534824915568581e-02, -7.634903093169021986e+02, 1.031106119828610668e+00, -1.677758586391923927e+02
1.412613573607120143e+00, -1.119049157430886292e-05, -3.831527093759558300e-02, -7.603631007194699123e+02, 1.031106119828610668e+00, -1.673252114963779036e+02
1.418399551618973131e+00, -1.119226280205776165e-05, -3.757519362603548019e-02, -7.572614053259876528e+02, 1.031106119828610668e+00, -1.668769788860905408e+02
1.424185529630826341e+00, -1.119403402980666037e-05, -3.683511631447537737e-02, -7.541849121738258646e+02, 1.031106119828610668e+00, -1.664311412545837925e+02
1.429971507642679329e+00, -1.119580525755556079e-05, -3.609503900291527456e-02, -7.511333153543473600e+02, 1.031106119828611112e+00, -1.659876793680923299e+02
1.435757485654532317e+00, -1.119757648530446121e-05, -3.535496169135519950e-02, -7.481063138649785742e+02, 1.031106119828611112e+00, -1.655465746711574297e+02
1.441543463666385305e+00, -1.119934771305335994e-05, -3.461488437979508975e-02, -7.451036115576550856e+02, 1.031106119828611112e+00, -1.651078080938387700e+02
1.447329441678238737e+00, -1.120111894080225867e-05, -3.387480706823499388e-02, -7.421249170065505041e+02, 1.031106119828611112e+00, -1.646713612521714936e+02
1.453115419690091503e+00, -1.120289016855115740e-05, -3.313472975667489107e-02, -7.391699434327093741e+02, 1.031106119828611112e+00, -1.642372155715245867e+02
1.458901397701944713e+00, -1.120466139630005612e-05, -3.239465244511478825e-02, -7.362384085997994134e+02, 1.031106119828611112e+00, -1.638053533232332484e+02
1.464687375713797701e+00, -1.120643262404895485e-05, -3.165457513355468544e-02, -7.333300347443274632e+02, 1.031106119828610668e+00, -1.633757561079948459e+02
1.470473353725650689e+00, -1.120820385179785696e-05, -3.091449782199458263e-02, -7.304445484610330368e+02, 1.031106119828610668e+00, -1.629484063571350134e+02
1.476259331737503899e+00, -1.120997507954675569e-05, -3.017442051043447288e-02, -7.275816806391449063e+02, 1.031106119828610668e+00, -1.625232865019793849e+02
1.482045309749357109e+00, -1.121174630729565442e-05, -2.943434319887437700e-02, -7.247411663690456862e+02, 1.031106119828611112e+00, -1.621003791415130593e+02
1.487831287761210097e+00, -1.121351753504455314e-05, -2.869426588731427419e-02, -7.219227448601905053e+02, 1.031106119828611112e+00, -1.616796668708867060e+02
1.493617265773062863e+00, -1.121528876279345187e-05, -2.795418857575419566e-02, -7.191261593605115650e+02, 1.031106119828611556e+00, -1.612611327805603594e+02
1.499403836433391479e+00, -1.121738315393736958e-05, -2.734895211019251066e-02, -6.981243059838817544e+02, 1.004266433952106574e+00, -1.562783271049785867e+02
1.505190878142995903e+00, -1.121973440203719193e-05, -2.685088994026250259e-02, -6.628526033417055032e+02, 9.560940101541582914e-01, -1.477010329388485843e+02
1.510977919852600770e+00, -1.122208565013701597e-05, -2.635282777033249452e-02, -6.278511308508898310e+02, 9.079215863562104527e-01, -1.391677980673605930e+02
1.516764961562205194e+00, -1.122443689823684001e-05, -2.585476560040248298e-02, -5.931167948626264206e+02, 8.597491625582637242e-01, -1.306782840078687684e+02
1.522552003271809618e+00, -1.122678814633666575e-05, -2.535670343047247491e-02, -5.586465487532638008e+02, 8.115767387603158856e-01, -1.222321552227426054e+02
1.528339044981414041e+00, -1.122913939443648810e-05, -2.485864126054245990e-02, -5.244373920744421866e+02, 7.634043149623693791e-01, -1.138290799423261319e+02
1.534126086691018687e+00, -1.123149064253631214e-05, -2.436057909061245530e-02, -4.904863696333782173e+02, 7.152318911644212074e-01, -1.054687303364319746e+02
1.539913128391076746e+00, -1.123385998955879245e-05, -2.386252241839208893e-02, -4.567908565600421298e+02, 6.670583730630463837e-01, -9.714663887368217843e+01
1.545700169967588966e+00, -1.123646356427632108e-05, -2.336453689492909436e-02, -4.233513834680341006e+02, 6.188706930044128862e-01, -8.881317968118632677e+01
1.551487211544101186e+00, -1.123906713899384971e-05, -2.286655137146608591e-02, -3.901614127270868835e+02, 5.706830129457780565e-01, -8.052177115509556415e+01
1.557274253120612961e+00, -1.124167071371137833e-05, -2.236856584800307746e-02, -3.572181622987947094e+02, 5.224953328871441149e-01, -7.227209562620596728e+01
