1.971078109134315470e+00, -2.753768805497584793e-02, -9.479290000692752738e-02, 3.012807108778637298e-03, 6.181523184970821205e+00
2.151359875679878186e+00, -2.579462696569632674e-01, -1.978348084618306302e-01, 1.060939889630148347e-01, 2.020186515979780051e+00
1.308804542758719158e+00, -2.051763787207577794e-02, -1.883474294049352071e-01, -3.295333104355341880e-01, 3.225359521459875367e+00
1.156525237468017275e+00, -7.715735656971021983e-02, -3.122702687056203574e-01, -5.457404386694241216e-01, 2.099066969152920237e+00
1.153397406847862960e+00, -1.730923134251006676e-03, -7.967117548001469846e-03, -1.830180095588124570e-02, 1.293154160408476749e-01
1.412102616773427410e+00, -2.227506896930892266e-01, -6.609928356752060585e-01, -4.934353304835132903e-01, -1.568051180862175542e+00
1.589412122028636354e+00, -2.738636348813842103e-01, -7.172424755493598258e-01, -5.038011134813327185e-01, -1.999162310637991880e+00
2.726014954108986199e+00, -4.012076957831002821e-01, -3.533081076128042897e-01, 4.455952030674217301e-01, 2.873763970037747306e+00
1.770829728990752194e+00, -2.310159665224727210e-02, -4.636838316728797982e-01, -8.407780599601509530e-02, -3.451460879586402353e+00
8.872938035099872112e-01, -3.211818887489779548e-03, -7.743528257252582474e-03, -1.781718045634768724e-02, 7.371192958457870037e-02
1.201786010554404927e+00, -1.252249208728934294e-03, -6.984046982045967814e-03, -1.608875429071669402e-02, 1.335433833107564361e-01
9.609074619986950339e-01, -7.945887648115498858e-02, -2.145000805194443028e-01, -4.680829463880536445e-01, 1.839319369654940139e+00
6.194624401387723855e-01, -4.928411001113155443e-01, -7.374554069408623125e-01, -1.282842449943113250e+00, 6.167791668466067190e-01
8.746717508152030973e-01, -5.959197058272091424e-03, -1.406381265762123543e-02, -3.235480782351961293e-02, 1.313233306316148596e-01
2.601964368081993495e+00, -3.170199326097157266e-01, -3.521080698661847586e-01, 4.301933637346138650e-01, 3.358975926059630357e+00
8.421458038756108877e-01, -4.381453774584052052e-01, -7.563936321959424669e-01, -1.058701205370887743e+00, -1.555152553781254665e-01
6.673430229349174292e-01, -3.671895985400079887e-01, -5.996917245606734337e-01, -1.120420141610261933e+00, 1.206687648630672349e+00
1.213700255845786780e+00, -1.358797631780876876e-02, -7.904169334075680786e-02, -1.779067723012120461e-01, 1.483315430972351967e+00
2.242464998428196132e+00, -2.656552726776201245e-01, -2.344376370967583556e-01, 1.652607758586648046e-01, 2.271325046018576543e+00
2.785974987802791958e+00, -4.648258261647320033e-01, -3.449662825672203947e-01, 4.257213311458348248e-01, 2.524375775502888608e+00
1.231789786921590579e+00, -8.484170841446973810e-03, -5.424226988011843220e-02, -1.230172310839881822e-01, 1.120649852142061365e+00
2.654462599614982210e+00, -6.425322331627643102e-01, -2.750598052123056636e-01, 2.710866111500286335e-01, 1.754358879782303315e+00
1.454730901833028778e+00, -9.002091629652811053e-03, -2.882171151570776524e-01, -1.476115875647972808e-01, 1.692354494253038411e+00
1.126500709891519847e+00, -5.077137036893095701e-01, -8.751496649971596264e-01, -8.864653459625770893e-01, -1.338176549450297514e+00
1.237350772227173490e+00, -2.521352016313187921e-02, -1.575469399667762949e-01, -3.225028773333613596e-01, 2.551945286431779536e+00
1.163743030964597747e+00, -1.811945858769996587e-01, -5.447982460875937516e-01, -6.371428201812138203e-01, -1.037457789278371963e-02
2.872030849984100520e+00, -5.077680434507167995e-01, -3.507496180288871557e-01, 4.466818955583629625e-01, 2.469760372566685902e+00
1.942202503090908028e+00, -5.109417043564235678e-02, -6.723580925516781104e-02, -5.647383182617127934e-02, 2.896047116793798892e+00
2.868128459562127475e+00, -5.077120745348007169e-01, -3.498322428450031940e-01, 4.424477183885773823e-01, 2.451781103820081409e+00
1.177554118628001412e+00, -1.207875708079118350e-02, -6.055156425064975312e-02, -1.379853469319591297e-01, 1.032250049868811637e+00
1.217849267263746871e+00, -1.199949182986191076e-01, -4.608511800539636938e-01, -5.531259419909325681e-01, 4.586451252300219328e-01
1.349192008550010424e+00, -3.098309273790630924e-02, -2.927986582295886708e-01, -3.340528566055911419e-01, 1.871635074324783821e+00
1.135158455512204068e+00, -2.005477917542850159e-03, -8.668600392100375002e-03, -1.995113783956601466e-02, 1.341264735532904928e-01
1.110764881438343510e+00, -8.540980619009257580e-04, -3.414813708875496547e-03, -7.861796853360291173e-03, 4.949973946862001178e-02
2.324928790230768261e+00, -2.656585006446457453e-01, -2.676992520508972850e-01, 2.201741202059213920e-01, 2.555075103009413429e+00
1.190589818834627778e+00, -5.386110903903971181e-01, -9.026257905754426769e-01, -8.888307654835708727e-01, -1.524158358784028611e+00
1.085829063135693051e+00, -3.383981213133153282e-02, -1.240104803322776561e-01, -2.767516661295424396e-01, 1.528190897656513725e+00
1.028600351080056985e+00, -8.427577142345889227e-02, -2.575365215698339205e-01, -5.329243312460867354e-01, 2.104583114610246941e+00
2.477343233530170163e+00, -3.078649428383122277e-01, -3.107146936683732874e-01, 3.150142778135630595e-01, 2.821251025162244908e+00
2.717330897883230456e+00, -6.620183057598308940e-01, -2.836073561512072461e-01, 2.833641245431740563e-01, 1.788291901779788473e+00
1.952918077235156424e+00, -1.431623371339915685e-01, -1.004091992121106808e-01, -4.289449737368924293e-02, 1.766497686350714691e+00
1.332486021702541601e+00, -1.770856100290143370e-02, -1.936055662804179733e-01, -3.146786964200412595e-01, 3.443985280814656491e+00
1.177524853669584814e+00, -1.399277884297372293e-02, -7.001100943080579286e-02, -1.585918843744704154e-01, 1.174187349817889192e+00
2.878085561017715399e+00, -7.897809561809465695e-01, -2.901555781191632599e-01, 3.050616480218721338e-01, 1.755605271214437213e+00
6.253169612211582074e-01, -4.253932203014810787e-01, -6.578126085122282252e-01, -1.208198614218329192e+00, 1.011791009304302991e+00
1.108124085108902701e+00, -2.038292247704269755e-01, -5.565966947151119726e-01, -7.001096742062915546e-01, 1.527923531216748010e-01
6.128878309061349672e-01, -4.253952290428997252e-01, -6.524642992170882616e-01, -1.212956884495964838e+00, 1.053490062060296939e+00
1.734973053357901973e+00, -1.067544560937336434e-01, -5.683126426861393465e-01, -2.666969358941138624e-01, -2.510514705854168138e+00
9.621258149935996151e-01, -4.037661125160069836e-02, -1.111752648906176033e-01, -2.525134722664174602e-01, 1.125893570253742482e+00
1.450932261113524913e+00, -4.680014222906669907e-02, -4.226660583139483229e-01, -2.564389430728579167e-01, -7.678168071865811850e-01
2.242123642803714567e+00, -8.428795153771834192e-02, -3.644868944955221290e-01, -2.001537424248470837e-02, -5.270962656307389693e-01
1.055255881118926764e+00, -1.390110888256353427e-01, -4.095374687590371265e-01, -6.903186593776377000e-01, 1.561905288645692558e+00
2.175388825185714303e+00, -6.284158888500407381e-02, -2.949374828342045118e-01, 2.322212686735491693e-01, 8.428211068362855940e+00
1.643418505491715198e+00, -1.432141741716600469e-01, -6.029539690150895748e-01, -3.304848836290970038e-01, -2.179547992800729528e+00
1.547295867004523595e+00, -2.736793761334721520e-01, -7.162835911308582659e-01, -5.079294633637043699e-01, -1.809688118766998643e+00
1.339003802241001795e+00, -2.902212751804824631e-01, -7.159946226379207967e-01, -5.922382854828434073e-01, -1.472948684121912155e+00
1.005666831536857764e+00, -3.565819930640845570e-01, -7.165396744014906893e-01, -8.667570186067869997e-01, -4.825972492687208293e-01
7.149274214744411049e-01, -4.511910796457208050e-01, -7.262407390299523424e-01, -1.178143935679044629e+00, 4.119855485616935598e-01
2.343258345777705642e+00, -3.264359623239909691e-01, -2.578503285260026479e-01, 2.133172620027720678e-01, 2.226460633199075279e+00
2.562453243134615644e+00, -2.361900764392510788e-01, -3.937473030718247058e-01, 6.779593199592119923e-01, 6.207387499400502939e+00
1.598741324722511070e+00, -6.099382816950379982e-02, -4.988662431633229533e-01, -2.098869872864406738e-01, -2.107139560172503145e+00
1.472337594798217797e+00, -5.582754453937910366e-02, -4.525972164527879982e-01, -2.512666169810582328e-01, -1.251844850602047865e+00
1.067845465401700888e+00, -6.321035351582073372e-03, -2.234387422755105754e-02, -5.143426377733947147e-02, 2.927383567485318805e-01
8.837218450600385911e-01, -1.310523734682110530e-01, -3.030886361252532746e-01, -6.390434320524456258e-01, 1.937290727679250146e+00
1.627356220178187485e+00, -2.904763604369852703e-01, -7.303338531093680475e-01, -5.218335763874228928e-01, -2.044723290133359406e+00
1.231843096907820456e+00, -1.408658818776737081e-03, -9.066615306030936794e-03, -2.087704473547871004e-02, 1.949057781863028638e-01
1.417625314845265994e+00, -1.922113285472791533e-01, -6.303920224750459989e-01, -4.616613922277481019e-01, -1.542644159902472278e+00
1.159466024483844393e+00, -1.632094588025770603e-03, -7.678918124534277710e-03, -1.766794405559041561e-02, 1.269205861751189490e-01
1.599225122067261529e+00, -2.293648556266247307e-01, -6.808281400174199804e-01, -4.462099026038566785e-01, -1.975243967653328880e+00
1.222124029333013784e+00, -2.902332050117678031e-01, -6.980365258113052640e-01, -6.579700697651518215e-01, -1.100868054174199973e+00
7.576957725273147926e-01, -3.894359882768188008e-01, -6.679847773386543563e-01, -1.099632004577520750e+00, 6.181885897406991237e-01
1.726804896469208428e+00, -1.476185615795063133e-01, -6.093933992307608571e-01, -3.219805112641488387e-01, -2.424825374801361733e+00
2.005273838567570799e+00, -1.208348716816026042e-02, -1.549517414608132526e-01, 2.358738921686973078e-02, 8.063258477497841525e+00
2.415856087150685561e+00, -1.812027771452994485e-01, -3.710100396779570375e-01, 1.306742109300171872e+00, 1.508117118624648612e+01
7.153432232255818590e-01, -5.544467489996780518e-01, -8.387693685303923008e-01, -1.245430417155361402e+00, -1.921772202767435545e-01
1.763772139853901688e+00, -1.924867944938012387e-01, -6.493663199631478644e-01, -3.802270225293969963e-01, -2.291802210129493922e+00
1.383198244493999862e+00, -1.659091217917368355e-01, -5.938892291713955274e-01, -4.529453081400007242e-01, -1.276832528764027641e+00
1.519026072617025713e+00, -1.760498717463170881e-01, -6.265778294451276320e-01, -4.033163750801616598e-01, -1.869285007633119777e+00
1.481245656840355140e+00, -1.431803557388413584e-01, -5.857564691279625313e-01, -3.809960797966608914e-01, -1.608859405408969323e+00
1.299160863134433797e+00, -1.200023287895390089e-01, -5.004010394006191964e-01, -4.749573737304070287e-01, -3.546183393685228280e-01
1.138125319825442405e+00, -2.817871176902824182e-01, -6.696451393667819385e-01, -7.128738148486634119e-01, -6.999031929970767063e-01
1.608260133383270674e+00, -3.386474237274737092e-02, -4.564399143669162218e-01, -1.410506808002886803e-01, -2.271784551449112399e+00
1.201786509133058622e+00, -9.058468370647679508e-04, -5.052838184758335835e-03, -1.163281458334284625e-02, 9.652459671813694297e-02
1.361818928287608976e+00, -1.669752178425149003e-02, -2.219575103884827705e-01, -2.875872494781153144e-01, 3.166283221764313538e+00
1.152086953210309517e+00, -5.110083043366504818e-02, -2.194364433289321681e-01, -4.413882687207072997e-01, 2.355945915814747771e+00
1.104540119176113500e+00, -1.621256224170450344e-02, -6.336418752418024325e-02, -1.443797764158645247e-01, 8.771905647915840820e-01
1.024527166036173220e+00, -2.240993482474729764e-02, -7.087516530003939996e-02, -1.619824187028587881e-01, 8.272267261238431812e-01
1.470920177790895567e+00, -1.708863438089478770e-01, -6.153892017192198471e-01, -4.165723061847551589e-01, -1.695315178759553287e+00
1.534023510138620150e+00, -2.362297485694268284e-01, -6.842242754559855200e-01, -4.698952016895696082e-01, -1.939933431393912056e+00
6.521022164819676448e-01, -5.880648486683898168e-01, -8.530893409929094506e-01, -1.327403927662499594e+00, -9.244483768173913929e-02
1.159368589773661196e+00, -1.358785071928932109e-02, -6.357676204311860091e-02, -1.449482405360058290e-01, 1.023393480381045384e+00
9.687692994406109648e-01, -3.264389839464790777e-01, -6.700366001113710057e-01, -8.847300973840065419e-01, -8.057444956276868520e-02
2.427732057874477434e+00, -1.658641720942115039e-01, -4.473197983205388084e-01, 1.799591150366259384e+00, 2.090465967015153836e+01
1.104636471790639174e+00, -6.137615995210980377e-03, -2.407278550820364516e-02, -5.540356988304619840e-02, 3.436563925465364600e-01
1.409126339381618243e+00, -1.066660837509269544e-01, -5.195783757047456319e-01, -3.765616997612118433e-01, -1.071069184569750199e+00
1.474127325939808886e+00, -4.160811264030103707e-02, -4.220814980244512737e-01, -2.199430474592860840e-01, -1.071601271150326884e+00
1.998026595129938743e+00, -5.748235712218065924e-02, -1.273366273433373663e-01, 1.882814249114516530e-02, 4.137981902922341249e+00
1.206421042058028359e+00, -4.678469238443813683e-02, -2.388776826548284771e-01, -4.458444196449760089e-01, 2.518832491585454747e+00
8.729557251550291719e-01, -9.206237311620488195e-02, -2.132842908652523850e-01, -4.721431015992509916e-01, 1.661110605876389368e+00
1.407495161252903193e+00, -2.596676266735405136e-02, -3.264754914705939592e-01, -2.538456138115253724e-01, 8.393589959706027059e-01
1.030664461220687889e+00, -2.521217654812403508e-02, -8.081583568357833536e-02, -1.843146758601550972e-01, 9.477677213708228798e-01
2.502273829928667759e+00, -4.513723988865120940e-01, -2.768348029236302188e-01, 2.650752581192233892e-01, 2.032703453057385534e+00
6.998119416477288635e-01, -2.656302188026798961e-01, -4.656479245366370590e-01, -9.422338891071272426e-01, 1.688056339346641677e+00
2.575575656716362793e+00, -4.513690824146504577e-01, -2.958400724134799820e-01, 3.006179066887036955e-01, 2.141166283879632815e+00
9.030449546584107257e-01, -2.098910319824825454e-01, -4.680298838452667809e-01, -8.411538112548541113e-01, 1.481759522071229851e+00
1.295342227995452511e+00, -4.677591056344288650e-02, -3.116629193552371557e-01, -4.168410037429785553e-01, 1.822894930850217587e+00
1.170397064147200572e+00, -4.678117463450209151e-02, -2.140891444775507302e-01, -4.281721379893970725e-01, 2.412175583012197144e+00
1.610375473135458035e+00, -2.505847918296222887e-01, -6.987454954675057506e-01, -4.692447644965358489e-01, -1.932453233372337431e+00
1.139845099948165741e+00, -5.228837992607386909e-01, -8.878567135662893683e-01, -8.905050108241119311e-01, -1.428849751662363499e+00
1.278042664612376811e+00, -1.035811518947815507e-01, -4.587840962230618214e-01, -4.828799119200031242e-01, 1.231844804172599617e-01
1.900922602977559661e+00, -1.484120739201321391e-02, -1.280744324818720511e-02, -2.833124098197029733e-02, 6.214479470307738840e-01
7.473923954706349626e-01, -6.237764591178234230e-01, -9.137049587178622811e-01, -1.258588097779134163e+00, -6.391110751911874832e-01
2.495166275494207664e+00, -3.566979224866876352e-01, -2.996269947130401068e-01, 3.030429208540575403e-01, 2.486914683836369377e+00
1.745152820741740385e+00, -1.825442258806957846e-02, -4.538911262325028284e-01, -6.957798931203651449e-02, -3.367893713354665586e+00
1.168677432279693562e+00, -7.491476690867619748e-02, -3.135463626318204522e-01, -5.383771061060445007e-01, 2.079966715801799815e+00
2.665422042954750381e+00, -2.736213069929781527e-01, -4.147343464542602720e-01, 9.344891029977937524e-01, 7.215473137926812441e+00
2.427753866243302916e+00, -2.989719220363069585e-01, -2.960210177086640693e-01, 2.853168338945176186e-01, 2.732342663861173637e+00
1.574602258602435967e+00, -3.922361954401853978e-02, -4.567761311183218820e-01, -1.633229693078734890e-01, -2.041211049928933541e+00
2.102408032879857558e+00, -2.656470735886093393e-01, -1.760086680656183233e-01, 7.334557556779745802e-02, 1.838239446548866951e+00
8.872778316363592044e-01, -9.267170997996765011e-03, -2.233848341266697277e-02, -5.137257619615643450e-02, 2.121986995242977903e-01
8.809902485286296159e-01, -2.005545280886380198e-03, -4.783788739167927143e-03, -1.101678561408903079e-02, 4.522985890160387268e-02
2.388950190400391804e+00, -5.076955513538494724e-01, -2.381286871779777492e-01, 1.965560353560359685e-01, 1.711324847431606955e+00
1.156131166989139647e+00, -5.228872551341319230e-01, -8.890300502599242094e-01, -8.853019242470332451e-01, -1.438809706133454158e+00
1.350931862656833626e+00, -7.275849207911153083e-02, -4.301502447118275008e-01, -3.842221839231099723e-01, -7.096271061865475072e-02
1.066900565167043569e+00, -5.109837093119237034e-02, -1.757320391830413664e-01, -3.817553152584369225e-01, 1.887071215924294609e+00
# mA/solar_mass, alpha0, alphaA, betaA, kA, (beta0= -5.000)
1.338770336820358287e+00, -1.235710739028799410e-01, -5.222004668032285135e-01, -4.466180680386241386e-01, -7.145378236805521865e-01
1.379081827967536533e+00, -1.994437211248869385e-02, -2.657046919196840995e-01, -2.823341379889949820e-01, 2.315322279072681511e+00
9.375390893772809209e-01, -7.766848445262265234e-03, -2.049806709712210379e-02, -4.714623639189786247e-02, 2.102691659111995959e-01
1.968845737084749192e+00, -8.679336297127790423e-02, -1.019179185670790466e-01, -2.747270949873902024e-02, 2.679225088170754887e+00
1.012300743822605931e+00, -3.613192559270144398e-03, -1.114262247694894695e-02, -2.565847624589861001e-02, 1.306154994348218412e-01
8.998906167622057195e-01, -3.028051376990848614e-03, -7.461717200945419681e-03, -1.716797216790500250e-02, 7.235918920512232622e-02
2.508185766564461350e+00, -4.382905953100303398e-01, -2.813461689978364322e-01, 2.711557029222644855e-01, 2.076506931879941842e+00
2.624631869496306447e+00, -6.057666221147843810e-01, -2.752237951201750854e-01, 2.717133344597389977e-01, 1.811048324291676170e+00
2.227017989256626862e+00, -4.254375278986547992e-01, -2.042699009981395752e-01, 1.313475791272899762e-01, 1.633353605704776168e+00
2.323948988168541785e+00, -2.735955578573283087e-01, -2.648978795418387433e-01, 2.181079973594985122e-01, 2.508736842188117766e+00
1.080644804314994767e+00, -3.566342986546038318e-01, -7.356955703807932512e-01, -8.037463291232168627e-01, -8.217234555924750605e-01
2.621780253453084519e+00, -5.712441303721501606e-01, -2.807305269970419848e-01, 2.809344045391939382e-01, 1.864449649195121239e+00
2.314702612427974149e+00, -2.432049193883832616e-01, -2.708167233627526427e-01, 2.243423036961745554e-01, 2.755844690878636705e+00
1.696190088747915325e+00, -2.450408784465038861e-02, -4.580812445910115160e-01, -9.538133674173840393e-02, -2.853895072158473489e+00
1.784842869762079287e+00, -3.386902271392233654e-02, -4.803590553656761908e-01, -1.072747856087101909e-01, -3.201820092009361574e+00
1.030865138054390728e+00, -4.572590778558591369e-03, -1.472485940996126619e-02, -3.391671023574377442e-02, 1.789342195108543088e-01
1.048767433994975518e+00, -2.988542497377067453e-01, -6.633064287718516416e-01, -7.983769836437166756e-01, -3.384596912320558815e-01
8.422348650429025696e-01, -2.735609220248983453e-01, -5.438677542127194897e-01, -9.447223039937250322e-01, 1.159240231426212686e+00
1.344733743124497671e+00, -1.632092000588821878e-03, -2.569248827654638939e-02, -5.879840628490392435e-02, 1.185514438700879358e+00
6.797842192361281954e-01, -3.671852556869963924e-01, -6.051908680502056104e-01, -1.116106617991889260e+00, 1.163569649100238745e+00
1.513804617184481671e+00, -3.808509721658735747e-02, -4.324342473685173216e-01, -1.925537563345642578e-01, -1.445597607104883497e+00
9.589100037275004595e-01, -3.565815872671844189e-01, -7.024498562016452397e-01, -9.084417165949749684e-01, -2.486334648836392713e-01
1.122973240756208302e+00, -1.890842945834020480e-03, -7.852052114442113762e-03, -1.806957852372143361e-02, 1.176280927225319961e-01
2.369689317702991183e+00, -1.658789106528029134e-01, -3.414546101087118091e-01, 3.973970248411479722e-01, 5.513917148597101914e+00
8.254775937794049945e-01, -1.658540201572100137e-01, -3.483024519571000788e-01, -7.270094449534603154e-01, 1.896257306801789166e+00
1.183681042434610475e+00, -2.005443518325880897e-03, -1.035932472405616533e-02, -2.387330355004545213e-02, 1.858884819751122630e-01
1.158616869878489775e+00, -4.037722458497323280e-02, -1.810398964907425912e-01, -3.790715580459534384e-01, 2.254484910985606660e+00
2.111924568947794789e+00, -1.431739337643719023e-01, -1.990373446222486464e-01, 9.876170496902210438e-02, 2.916090980682636946e+00
1.004480205378193602e+00, -1.658535259828822217e-01, -4.376993618782532569e-01, -7.482830611487941708e-01, 1.483261918061408391e+00
1.900346875996612672e+00, -6.466229876633534934e-02, -4.579203246403969196e-02, -7.379150298673434194e-02, 1.279161441603724469e+00
1.068632366038882786e+00, -1.235666792621354093e-01, -3.820009000359372853e-01, -6.612988562316075569e-01, 1.730669010565590860e+00
1.709182460271275961e+00, -1.312149597764233899e-01, -5.931434453116561922e-01, -3.036997447236612357e-01, -2.419517309051983034e+00
1.019858142154153047e+00, -3.782157177490013122e-01, -7.433054501723987961e-01, -8.656106785630542921e-01, -6.615556437940858237e-01
1.267690445725316195e+00, -5.959664321234866766e-03, -4.682388719575231867e-02, -1.066231025346115885e-01, 1.164746091111932724e+00
2.601089954816275807e+00, -5.228819934701998129e-01, -2.856198230026468776e-01, 2.891778950900160128e-01, 1.947857532892305343e+00
2.346100341500068520e+00, -2.361600074621519330e-01, -2.870541182658076229e-01, 2.524330513981822843e-01, 3.000984802589425016e+00
1.024685798025078753e+00, -2.940455997026552703e-03, -9.332032367389948846e-03, -2.147446610427835439e-02, 1.117736645379558136e-01
2.763393409145966650e+00, -6.617450115623924045e-01, -2.917291198123496132e-01, 3.043761132580094508e-01, 1.829694799922071846e+00
1.453674417055460300e+00, -1.431748593363900979e-01, -5.808283355432887207e-01, -3.904914375584764286e-01, -1.561869053813324637e+00
1.030475241622819338e+00, -3.484919252498237807e-02, -1.112253756799564952e-01, -2.514648020998819788e-01, 1.260974023594085391e+00
1.406350492611472047e+00, -3.807589706874425772e-02, -3.705480187389485480e-01, -2.790178259508653280e-01, 1.722540710949855558e-01
2.685632705105065909e+00, -3.782509675258262649e-01, -3.510540348732129612e-01, 4.411876160723549600e-01, 3.001061077286646395e+00
6.300168700117769749e-01, -5.710144611211540600e-01, -8.280674014215552159e-01, -1.337674605814078266e+00, 1.205992473412548921e-01
1.807174352489045344e+00, -2.041595062038870645e-01, -6.576660337954454150e-01, -3.930724730685429269e-01, -2.397113144543716601e+00
1.049384136266056533e+00, -4.311228617822127074e-03, -1.453063970877041533e-02, -3.346090620434056390e-02, 1.832888703326231439e-01
1.995280181544944131e+00, -1.131252764212554163e-01, -1.247694904784863723e-01, -1.025198551645086333e-03, 2.528698768303073940e+00
1.030370596153191487e+00, -3.920692455330605092e-02, -1.248233552871666624e-01, -2.807918734778823699e-01, 1.390389472457299824e+00
1.164980989797401056e+00, -3.190667839150058971e-02, -1.485094277875524393e-01, -3.197025789268523321e-01, 2.058866436761028318e+00
1.390896877160424872e+00, -1.866704297400805235e-01, -6.197537927721897821e-01, -4.691043494897471633e-01, -1.434731159510831189e+00
1.577375930437527440e+00, -1.236013786570069328e-01, -5.766143547188611329e-01, -3.197324886117684506e-01, -1.957768855959780563e+00
1.230285852129870960e+00, -4.255194403739242515e-01, -8.196492862859852124e-01, -7.618948714103073172e-01, -1.423064640076699749e+00
9.428330989057338574e-01, -6.278862315460040366e-02, -1.653683664265641617e-01, -3.693773496964564140e-01, 1.514131698197450193e+00
2.706221212495674600e+00, -3.566695899119330937e-01, -3.683932670231142570e-01, 4.975848445832765088e-01, 3.381149289021746718e+00
1.763699525822439051e+00, -1.201438287092282675e-01, -5.824270995278957308e-01, -2.779689390862738474e-01, -2.516187515169305833e+00
1.189698477290657364e+00, -6.509803510477750119e-03, -3.440416642782084811e-02, -7.896234266082048647e-02, 6.240021374077800997e-01
1.678131298766892154e+00, -2.507275931098538191e-01, -6.988730033432390965e-01, -4.565340468074052249e-01, -2.061400732659736335e+00
6.817721125384983427e-01, -5.880694879458194801e-01, -8.623234632776677344e-01, -1.298374071635619575e+00, -2.222064182686408484e-01
1.411766882634277742e+00, -3.078399591717747574e-01, -7.379625501410572719e-01, -5.806040432158359188e-01, -1.642837672156975515e+00
1.242383316570820684e+00, -1.098525689809479733e-01, -4.528869836712907659e-01, -5.232815463310247495e-01, 4.021834075199395286e-01
1.305494317914270619e+00, -2.293725473166517703e-01, -6.504925985446625702e-01, -5.577314304271504541e-01, -1.221197060964129388e+00
9.250106451647622796e-01, -6.904572338719029700e-03, -1.779965593518815364e-02, -4.096006544127664406e-02, 1.792861246996194091e-01
1.952480328462902204e+00, -1.280995802739831081e-02, -5.612984452006596764e-02, -1.841555932918669675e-02, 8.265289726934637926e+00
1.055553633297212857e+00, -1.080827221907841411e-03, -3.700949900484888731e-03, -8.514704020736566653e-03, 4.713762313459312486e-02
2.471589716094809930e+00, -2.902805276370170606e-01, -3.157935012625049942e-01, 3.295607355823276241e-01, 3.038701574176378095e+00
1.098519801299212117e+00, -5.786611363194594723e-03, -2.229265802596428619e-02, -5.135152179481537044e-02, 3.137680824194041262e-01
2.072807924877743346e+00, -9.845890106455531393e-03, -2.550202752521208982e-01, 1.159910703210242922e-02, 3.555624226944631427e+00
1.122974435662807746e+00, -1.019100957761489255e-03, -4.232128561190920922e-03, -9.743968656441169204e-03, 6.347387168217744069e-02
1.030871388821464008e+00, -1.408653493961040202e-03, -4.537273172575014696e-03, -1.044316747238205681e-02, 5.507997850944520990e-02
1.006104198847631803e+00, -1.835985823216958190e-03, -5.583522396694975097e-03, -1.285593152795698989e-02, 6.464649590325313722e-02
1.243826550649959284e+00, -1.019080887908904720e-03, -6.990628774443173252e-03, -1.606801492796648689e-02, 1.576232689942522747e-01
9.061758950069194185e-01, -5.455883489301539303e-03, -1.359368668435177729e-02, -3.129156353136246238e-02, 1.331744924600013757e-01
1.291436648758518269e+00, -8.998833349345855548e-03, -8.188213683588993486e-02, -1.804048561600175016e-01, 2.173590864098169817e+00
2.484682254635574239e+00, -5.545618345806357929e-01, -2.538605392451691589e-01, 2.263565419952776325e-01, 1.734993988569882184e+00
1.098531734759320200e+00, -2.190659691963632409e-03, -8.443169650982575505e-03, -1.946094888785553437e-02, 1.191502294417514651e-01
